,t,x,y
0,0.0,4.8931849486184165,11.567611769736143
1,0.01,4.796012524406306,11.663439779651247
2,0.02,4.6692070568657025,11.59208417183283
3,0.03,4.6039802305153925,11.504056296337705
4,0.04,4.438185550483996,11.690527388454893
5,0.05,4.196685117592858,11.333361594620282
6,0.06,4.071715472871256,11.741224683351959
7,0.07,4.0433214653467955,11.274139296334305
8,0.08,3.9759641020818015,11.703725938988496
9,0.09,3.8633340351609693,11.233269053256569
10,0.1,3.9004884846536148,11.593091333553456
11,0.11,3.6967050873893963,11.446842416359177
12,0.12,3.498443493093765,11.554599381101392
13,0.13,3.613749416831585,11.690412678882845
14,0.14,3.5005217906927375,11.28162739947381
15,0.15,3.3722273381776513,11.24604627990847
16,0.16,3.3153464208182912,10.901568720086617
17,0.17,3.1936926516398016,11.169509603054502
18,0.18,3.336419011208952,11.346776047442132
19,0.19,3.0621303251743965,11.252410366545282
20,0.2,3.104206985088713,11.10411112833613
21,0.21,3.1631538364490672,11.045938762460533
22,0.22,3.0347723119922785,11.311341946211973
23,0.23,2.9024997681973796,11.299105266881835
24,0.24,2.8290662348016045,11.388265076833417
25,0.25,2.8238098558589653,11.407885178570067
26,0.26,2.9310105537278637,11.255347567056287
27,0.27,2.8764050370546683,11.150869025849135
28,0.28,2.672426078694133,11.28872938785681
29,0.29,2.746290135100004,11.14347876046578
30,0.3,2.5978984607806197,10.952151571002084
31,0.31,2.5720186705521675,11.269636742695345
32,0.32,2.53687356171211,11.288713095138883
33,0.33,2.387762290563253,11.424933486721303
34,0.34,2.4276176480112404,11.101204515926272
35,0.35000000000000003,2.456221036923714,11.137610020800622
36,0.36,2.308348996350182,11.104633182860574
37,0.37,2.24900121484991,11.188508853213106
38,0.38,2.289177902701712,10.831411372721139
39,0.39,2.3281095561924876,11.035616643423536
40,0.4,2.219975937457225,11.035938464503333
41,0.41000000000000003,2.2205559892666398,11.270827500797918
42,0.42,2.113581734265419,10.951394903758398
43,0.43,2.0180321691679266,11.298676236282642
44,0.44,2.001915507254457,10.773248719896477
45,0.45,2.06165363107771,11.07003940044724
46,0.46,2.0366849306258805,11.118747007188283
47,0.47000000000000003,1.9289108143065803,11.076485268823221
48,0.48,1.933833311752173,10.878269144998043
49,0.49,1.8644429745858917,10.894682836066718
50,0.5,1.7317293672747245,11.261342934434017
51,0.51,1.8119973739933866,10.826209773431835
52,0.52,1.9601860853053859,10.89648414941283
53,0.53,1.676082094866159,10.457502448789668
54,0.54,1.5880002761707293,11.039131015900528
55,0.55,1.6552585648665066,11.123924434752384
56,0.56,1.6601273818815474,11.010353017355278
57,0.5700000000000001,1.7719285579494437,10.547897725021624
58,0.58,1.5437207986942576,10.795088828331197
59,0.59,1.5391573370454297,10.742870737933538
60,0.6,1.6542296830974168,10.84979970114978
61,0.61,1.5863081930763194,10.90117926078074
62,0.62,1.4317245106301972,10.529298728304264
63,0.63,1.6288685216793366,10.412707426683271
64,0.64,1.500530002335595,10.510686213161753
65,0.65,1.3916336090228592,10.685156743837949
66,0.66,1.4312737271046938,10.137382520849336
67,0.67,1.6220901656533484,10.641441631443852
68,0.68,1.402477757161741,10.653815082951343
69,0.6900000000000001,1.4179352006970274,10.611276419542957
70,0.7000000000000001,1.4504100359293903,10.700011243113607
71,0.71,1.2030028226232985,10.262300286051012
72,0.72,1.2501752283007652,10.683726760603877
73,0.73,1.206806611360884,10.116801678276635
74,0.74,1.1938032944588521,10.597921728254109
75,0.75,1.1675508541569992,10.219743759488404
76,0.76,1.0429014961101537,10.24990224771486
77,0.77,1.0827913907578064,10.297265789086302
78,0.78,1.1413233812690764,10.31479149432449
79,0.79,1.0986621642362822,10.657735919161293
80,0.8,1.0966293335812567,9.694609585597973
81,0.81,1.025573524552541,10.529735884287959
82,0.8200000000000001,1.1885065415795217,10.304418148214006
83,0.8300000000000001,0.9258335377079556,10.486110481037484
84,0.84,1.075451297624184,9.95946093647996
85,0.85,1.0478892671739608,9.968605184177179
86,0.86,0.7961405149018511,10.103158558211772
87,0.87,1.008438582511331,10.140241051279824
88,0.88,0.8728757964837311,9.82703478431869
89,0.89,0.8354674836608311,9.858985577431836
90,0.9,0.9575919855451438,10.200624994980283
91,0.91,0.8366248068918302,9.773923720076205
92,0.92,0.6844385570835747,10.008939954288797
93,0.93,0.9489472710230066,9.930921715135474
94,0.9400000000000001,0.9032269424370306,9.863190755621202
95,0.9500000000000001,0.7534948198986446,9.958083908952371
96,0.96,0.8335151399502931,9.985959089577072
97,0.97,0.7106798337119065,9.681980707380264
98,0.98,0.6616288939738674,9.95062698445913
99,0.99,0.6419498784724635,9.859537508991634
100,1.0,0.5760412058457924,9.524011113080592
101,1.01,0.7202655832212048,9.784711228645515
102,1.02,0.6733316684849444,9.509027531892196
103,1.03,0.6701649725249414,9.594653779481598
104,1.04,0.7104798793794566,9.170979811429193
105,1.05,0.6143788410541339,9.536335273176551
106,1.06,0.5910237544034219,9.577706490227882
107,1.07,0.5648476381130729,9.403882046031667
108,1.08,0.4710257889254879,9.481411154731198
109,1.09,0.6758518479009283,9.565003140512347
110,1.1,0.48028572530327474,9.538880641250023
111,1.11,0.6507429771119597,9.273822003704849
112,1.12,0.565924172568153,8.875429021502539
113,1.1300000000000001,0.4328671967406506,9.070086239321608
114,1.1400000000000001,0.4344870192532819,9.459969064792661
115,1.1500000000000001,0.3726553579068586,8.670826893902063
116,1.16,0.4697313858897915,9.26747476953612
117,1.17,0.41612539982419156,8.864024602896876
118,1.18,0.34905075043120687,9.222093280900289
119,1.19,0.48500642062649635,9.21754594887533
120,1.2,0.373573670752862,8.952267227019375
121,1.21,0.3798260517013166,9.182404941674378
122,1.22,0.49968993899473513,9.009027759639611
123,1.23,0.3145091266081076,8.92607075939332
124,1.24,0.3034219347919671,9.238697534271912
125,1.25,0.30126531088847597,8.99515358921257
126,1.26,0.4649078609593035,8.838420751526293
127,1.27,0.31960534934104884,8.84558268177723
128,1.28,0.350127641321343,8.42532128034886
129,1.29,0.34361953634344916,8.719263055489296
130,1.3,0.3330565058071376,8.692338754773736
131,1.31,0.4722718993644977,9.090839407314025
132,1.32,0.2722798967932628,8.799498731553804
133,1.33,0.44081071209460687,8.385318541434422
134,1.34,0.3406728457738609,8.488198588547267
135,1.35,0.1571121372208878,8.667150348451877
136,1.36,0.19174287991907946,8.273322243273272
137,1.37,0.31854676697257706,8.277632882042877
138,1.3800000000000001,0.36013274335307555,8.52132579781067
139,1.3900000000000001,0.2166666728172799,8.222458726824721
140,1.4000000000000001,0.20589867876950108,8.222565042334907
141,1.41,0.370702500287981,8.30608267714044
142,1.42,0.20794100628529052,8.050515093629242
143,1.43,0.10691945479430147,8.166768471614443
144,1.44,0.21425494629412828,8.266405979427363
145,1.45,0.09700624128872185,8.152298081335143
146,1.46,0.2698465128406564,8.250620117931785
147,1.47,0.22653179476023919,8.101941208386457
148,1.48,0.1766760113454458,7.999943725533748
149,1.49,0.1802336077276626,7.836284343921228
150,1.5,0.15005711478632436,7.985677490643021
151,1.51,0.13122311797274444,8.098473931992597
152,1.52,0.08241105615756433,7.8395169016123045
153,1.53,0.2768731523927962,7.813404430041019
154,1.54,0.3020607960783024,7.799076885938395
155,1.55,0.34210781945725466,7.899808533645406
156,1.56,0.18410644724319863,7.865536951798647
157,1.57,0.11337445792899858,7.747960856828582
158,1.58,0.15446543605580063,7.8770098315354184
159,1.59,0.12098769827781788,7.612953843862495
160,1.6,0.009252385375836475,7.392724669629251
161,1.61,0.16933294492594347,7.827918136415677
162,1.62,0.13344719346369205,7.777421956819707
163,1.6300000000000001,0.11822702987491458,7.570792446137073
164,1.6400000000000001,0.30534303646457983,7.442432945886984
165,1.6500000000000001,0.12909570312671448,7.23721686735923
166,1.6600000000000001,0.03889180013866446,6.872239258799864
167,1.67,0.18760285907570967,7.804999122749681
168,1.68,0.07151072208735598,7.448752449060094
169,1.69,0.2348148208815587,7.076091479806277
170,1.7,0.1595353162297532,7.301881137452964
171,1.71,0.08158829823434535,6.9654238151074335
172,1.72,0.01085324260952461,7.616610375792357
173,1.73,0.11498830108494655,7.296176869941807
174,1.74,0.15220656123796233,6.979954658996345
175,1.75,0.1982679505602416,7.328830696195133
176,1.76,0.08437240751024902,6.915504564391813
177,1.77,0.10132236102159041,7.040776761219598
178,1.78,0.11686650501331781,6.871972727828479
179,1.79,0.2173636615086904,7.200548549317355
180,1.8,0.08164759122118843,7.109928788019515
181,1.81,0.21368846142760362,6.956225479349603
182,1.82,-0.02749129548521964,6.7621533749391265
183,1.83,0.10570731824002716,7.057945355787902
184,1.84,0.006045389934884675,6.3939785755544145
185,1.85,0.26077546183305267,6.6739592705801085
186,1.86,-0.0013292332509059063,6.7251807821453395
187,1.87,0.12502847145083076,6.442496398572055
188,1.8800000000000001,0.061534414061238496,6.571437703879015
189,1.8900000000000001,-0.09702553077245038,6.481373251004433
190,1.9000000000000001,0.014739978195692553,6.627276090468149
191,1.9100000000000001,0.049678409259774625,6.492352741334962
192,1.92,0.1644423319368931,6.392028233209434
193,1.93,0.0635827652145845,6.900537131628179
194,1.94,-0.019879760715041717,6.3954488933771465
195,1.95,0.012831183264404765,6.361603428295707
196,1.96,0.16479496519918702,6.391154627812358
197,1.97,0.11325502660706187,6.9033772261801785
198,1.98,0.15370704531497642,6.2293651616929155
199,1.99,-0.005361449688028867,6.054484543718868
200,2.0,0.15008662371613818,6.205951294573101
201,2.0100000000000002,0.014955852501594133,6.0408444681559255
202,2.02,-0.004298611957874163,5.897542181637532
203,2.0300000000000002,-0.028077312355528072,6.518429952128944
204,2.04,-0.06691315225383324,5.961235611969098
205,2.05,0.08817142415714928,6.044821839729519
206,2.06,0.0674843979893198,6.337764764820354
207,2.07,-0.021911618907392905,5.966329581159108
208,2.08,-0.01583057299818505,6.165298424453445
209,2.09,0.11967887042496667,5.897491405123197
210,2.1,0.088652902318299,6.021744449623293
211,2.11,0.21529295912579885,5.821123555872443
212,2.12,0.10731818947831584,6.130616224974343
213,2.13,0.10757802017657639,6.040665854347477
214,2.14,0.20614010091915608,5.83469543016925
215,2.15,-0.007526969002394329,6.302013143805144
216,2.16,0.07788018110069286,5.784022737079461
217,2.17,0.10070866823230042,6.081559996377057
218,2.18,-0.0029099748500839157,5.883689593829253
219,2.19,-0.02621269873842222,5.956003166232496
220,2.2,0.02700383232366402,5.966888999496038
221,2.21,0.10430483701324797,6.097967130499622
222,2.22,-0.0065176429372116075,5.784522617515719
223,2.23,0.05473417210429753,5.7103734265509845
224,2.24,0.05594323179372376,6.039743480099352
225,2.25,0.04609619671305699,5.70564081211264
226,2.2600000000000002,-0.09568190558283673,5.803956429280844
227,2.27,0.21037814441778038,5.473127218034354
228,2.2800000000000002,0.022324920099711723,5.709460874511582
229,2.29,0.09528289060361592,5.499364800385573
230,2.3000000000000003,-0.03863813584834218,5.82530377834629
231,2.31,0.12437691741211189,6.116087165741225
232,2.32,0.07719259289295864,5.729506565609371
233,2.33,-0.013340270836537882,5.179878027123953
234,2.34,-0.04833470874958526,5.501453913409192
235,2.35,-0.07000020348127253,5.33361359519229
236,2.36,0.06814941638024577,5.479549029075551
237,2.37,0.05454849276964783,5.639066650049352
238,2.38,-0.10822092340216999,4.92701461262724
239,2.39,-0.0328605977329523,5.070600260716643
240,2.4,0.08031178186597843,5.245542275599703
241,2.41,0.13214971286184393,5.194882041900693
242,2.42,0.07119262773316001,5.35414809209807
243,2.43,0.127948989023302,5.179628717225197
244,2.44,-0.11923534429833556,5.4783283996102865
245,2.45,0.039080442225118826,5.330023310667139
246,2.46,0.028957067045837333,5.055394322516419
247,2.47,-0.05410046894055324,4.994039141851417
248,2.48,0.016494211173617986,4.665952700185214
249,2.49,-0.0055074947027917535,4.920206518294489
250,2.5,-0.037426670334017545,5.087571705987447
251,2.5100000000000002,0.13325161487295456,5.382007999200041
252,2.52,0.14798141400047138,5.06148224201411
253,2.5300000000000002,-0.057479073732071846,5.249449924867967
254,2.54,-0.07018447984070063,4.692541928199674
255,2.5500000000000003,-0.1221406282365788,5.242888541640437
256,2.56,0.07130946377198291,4.886159296790971
257,2.57,-0.07611789780013026,5.110282362511114
258,2.58,0.12282596532894573,5.249671269001329
259,2.59,-0.010052319830879047,4.817841262024641
260,2.6,-0.025359127923488906,5.0516766936119835
261,2.61,0.16610017990738346,5.352592302006623
262,2.62,0.06707770227898376,4.799503063091006
263,2.63,-0.03273555533655643,4.879146578802199
264,2.64,-0.09065173629475237,4.850012899973157
265,2.65,0.047599941553844574,4.741256848839327
266,2.66,0.12624107120120973,5.083638213312301
267,2.67,0.028620353750699098,4.982389015011422
268,2.68,-0.005802171258112141,5.330836129900203
269,2.69,0.007088452112118329,4.9426740054218
270,2.7,-0.055758193079891064,4.71284469534604
271,2.71,-0.016325170896757314,4.453617849334349
272,2.72,-0.1355877886772563,5.164463655911356
273,2.73,-0.0002278678916551695,4.7119444744976695
274,2.74,0.036065104816137616,5.024222866884199
275,2.75,-0.07822728109832859,4.50006851527985
276,2.7600000000000002,0.04986778024839688,4.548000234112528
277,2.77,-0.11201801926564615,4.791017001969086
278,2.7800000000000002,0.005103029531060042,4.930857871427483
279,2.79,0.037351498065781814,4.515233175813557
280,2.8000000000000003,0.04555841962122365,4.944590706893051
281,2.81,0.01147661149247797,4.805419286447365
282,2.82,0.026713825512271666,5.161423076568323
283,2.83,0.04816321366021276,4.7348586067873
284,2.84,0.026263820873208332,4.468266105231519
285,2.85,0.04156576041241926,4.716705257180329
286,2.86,0.003907667442183295,4.326513191942998
287,2.87,0.10001356573705952,4.3802447597538885
288,2.88,0.0438926150054737,4.514542005692573
289,2.89,-0.012549404178129003,4.8439523060956375
290,2.9,0.019628177227081774,4.651683383500045
291,2.91,0.011939209200076479,4.384573303706348
292,2.92,-0.07140339342380185,4.3607582052861655
293,2.93,-0.0762349910736191,4.46404402161236
294,2.94,-0.003805699648007213,4.13219536116977
295,2.95,-0.14483375994206887,4.254308017942933
296,2.96,-0.14545376873911914,4.703977241202505
297,2.97,0.09714587201350483,4.690813509938805
298,2.98,-0.0709520685207405,4.376056719415411
299,2.99,0.12196313002438455,4.0604730251559715
300,3.0,-0.06777948065386702,4.580782423768054
301,3.0100000000000002,0.009866994590274104,4.49346508948751
302,3.02,0.07466837864322746,4.329180756667551
303,3.0300000000000002,0.22685661138746507,3.9094078476563787
304,3.04,0.06936148149779162,4.018503132710243
305,3.0500000000000003,-0.05901727514632639,4.591023767790086
306,3.06,-0.13342795568609656,4.466629001204373
307,3.0700000000000003,0.10804469278272788,4.215111267502609
308,3.08,-0.13523726475593875,4.349565890770453
309,3.09,0.041388039926923026,4.221161267085832
310,3.1,0.17142074366068535,4.039755918724774
311,3.11,-0.026817825673064063,4.701036450488549
312,3.12,0.04914224034528493,4.034218474529859
313,3.13,-0.05151980636555118,4.057050298161943
314,3.14,-0.14909309696475673,4.095085128126373
315,3.15,-0.026674958148649903,4.2270667353979565
316,3.16,0.1517984207088313,4.304178503510983
317,3.17,-0.063307284841658,4.521659057492554
318,3.18,-0.028549847397373634,4.45294152814729
319,3.19,0.08888022175547025,4.116580483439956
320,3.2,-0.00916448505461967,4.2312935689578355
321,3.21,-0.04480696798916131,4.132761870112754
322,3.22,0.05813673716706132,3.9467129667573833
323,3.23,0.12701732098152624,3.765330870051036
324,3.24,-0.019151725910828293,4.169418432152366
325,3.25,0.2184409358163553,4.011454513366211
326,3.2600000000000002,0.044690393165582286,3.994005382016395
327,3.27,-0.07834088783965992,4.146327350823948
328,3.2800000000000002,0.15029402412468246,4.116362591415917
329,3.29,0.04261909986111919,4.038971317026786
330,3.3000000000000003,0.016017616884843232,3.644431688243918
331,3.31,-0.05965703020290876,3.896561989153138
332,3.3200000000000003,0.14761876722930423,3.8647624932085525
333,3.33,0.09360798893557619,3.9276765078135893
334,3.34,0.03692823951863079,4.067191868494484
335,3.35,-0.0609795437272959,3.83586044767977
336,3.36,0.13140318672276308,4.183829873888988
337,3.37,-0.03726029931446839,3.9115438478419957
338,3.38,-0.027877111005875487,3.770807738070631
339,3.39,0.06731543481373431,3.88969646691766
340,3.4,-0.008974628047004773,3.6928353300222323
341,3.41,0.048071301094680025,3.7600994306188613
342,3.42,0.09632503023524319,3.452500041106295
343,3.43,0.08898704950945435,3.8926545783762307
344,3.44,0.04143217414792519,4.06741540214182
345,3.45,0.03902396197819063,3.90111474366431
346,3.46,-0.14014816439698613,3.837784982679879
347,3.47,0.0057409795392779975,3.923884134273212
348,3.48,-0.0565180321612046,3.6516973256667895
349,3.49,0.005029973169081896,3.476407839104753
350,3.5,0.02837198386708937,3.5620712254380384
351,3.5100000000000002,-0.061726308346040384,3.9700645353223463
352,3.52,-0.022274203317669813,3.7189142191965177
353,3.5300000000000002,0.02843958991495162,3.6992097888973414
354,3.54,0.005600568634098697,3.776304862335229
355,3.5500000000000003,-0.008400794560921462,3.657098215774117
356,3.56,-0.052027123221337075,3.701847758996322
357,3.5700000000000003,-0.07803188992378154,3.8220186285132898
358,3.58,-0.07375699057614574,3.3811961922120357
359,3.59,-0.13884833496398907,3.946210688077524
360,3.6,0.0526948419803741,3.737599470323243
361,3.61,0.013917536055498505,3.727842714724538
362,3.62,-0.0028429793854766443,4.0503210557205485
363,3.63,-0.13708386981589793,3.9340674471434123
364,3.64,-0.001577480013921372,3.329361477343745
365,3.65,0.1074891433425833,3.8204374568648225
366,3.66,0.019586749108748584,3.6731712196430126
367,3.67,0.061603432464623076,3.4790131832673596
368,3.68,0.08391338643898875,3.540008366005999
369,3.69,-0.012002207039151325,3.56468162028828
370,3.7,0.004378400098693195,3.6608831590024318
371,3.71,-0.06856395425498729,3.3386047950118547
372,3.72,-0.021351126289255756,3.591270172140389
373,3.73,-0.0046448407970075475,3.5249998314540503
374,3.74,-0.2017838032056708,3.7127146439658207
375,3.75,-0.053392622149829726,3.4316970975532075
376,3.7600000000000002,-0.00837912833813937,3.583888750298899
377,3.77,0.006670354826306664,3.0159416248436735
378,3.7800000000000002,-0.09870967346494372,3.520384494462538
379,3.79,0.16991596827790714,3.1516931618140163
380,3.8000000000000003,0.018439316053097864,3.3806286732098023
381,3.81,0.1996566357092854,3.7239028013116133
382,3.8200000000000003,-0.05047086230338017,3.1568623139573866
383,3.83,0.08137071629302706,3.426566714479742
384,3.84,0.012932196019818492,3.356664418973396
385,3.85,0.13135915042796054,3.3752978861658582
386,3.86,-0.09253257106394193,3.529227725827063
387,3.87,-0.023226111485801268,3.272887024567524
388,3.88,0.1250061720554431,3.376654549677642
389,3.89,-0.0038458808366854356,3.397281967203196
390,3.9,-0.06591919989980083,3.3413701819473585
391,3.91,0.037518841792339955,3.391038054763039
392,3.92,0.06773788508577445,3.3045824785368256
393,3.93,0.13043900364526878,3.5107850208383646
394,3.94,0.007873206586166002,3.4707367697269595
395,3.95,0.18842412933013578,3.084805220872119
396,3.96,-0.007618135485348336,3.1585080441010533
397,3.97,-0.1313876440779731,2.975801573108121
398,3.98,0.06760745755069957,3.6952058976346684
399,3.99,0.03639907886915818,3.3002968105335344
400,4.0,0.04234014992318437,3.189647294311308
401,4.01,0.12611888553778455,3.578098297769678
402,4.0200000000000005,-0.10021662771747865,3.421987675665569
403,4.03,0.03781735659411848,3.5595581847344793
404,4.04,0.11129439832978333,3.2285365426559247
405,4.05,-0.09244710752110494,3.078336664367248
406,4.0600000000000005,0.11178517550697198,3.521909949997956
407,4.07,0.014286824612144203,3.3544371954271957
408,4.08,0.08964457847957558,3.4906310313251017
409,4.09,-0.08496626193228778,3.3606300634405604
410,4.1,0.17366370795578373,3.243425941924679
411,4.11,0.00044791005659727476,3.183015063882054
412,4.12,-0.017014153028739657,3.2099275360220614
413,4.13,-0.16632715285393324,3.151515329281128
414,4.14,0.00361453705622497,3.1002991247834037
415,4.15,0.12011279266914755,3.3625678321019032
416,4.16,-0.08841714609762444,3.2320369773211266
417,4.17,0.08413601996894611,3.656421833495748
418,4.18,-0.008981984422241615,3.0330009408019403
419,4.19,0.007895967823414606,2.9028096588835313
420,4.2,0.09415526303436483,3.0174671677641016
421,4.21,0.02906192122639794,3.3369321975257877
422,4.22,-0.10271983353953133,3.5339359311302365
423,4.23,-0.03882623683180868,3.064900855011372
424,4.24,0.056094951047774136,3.0228251965330917
425,4.25,0.024843492506115065,3.232776212463474
426,4.26,-0.03290120217394176,3.0883811634093434
427,4.2700000000000005,0.010723430334437773,3.082083879734445
428,4.28,0.10263243360791918,3.27649879847053
429,4.29,0.10057582533555347,2.9624102206278993
430,4.3,0.0590712542543962,3.0805677425066964
431,4.3100000000000005,0.1543893762792727,2.8999518010823357
432,4.32,0.04046819903392495,3.1686464973476776
433,4.33,0.12755135497509787,3.2944265286779935
434,4.34,0.14050204207419006,3.3287622260447525
435,4.3500000000000005,0.018801110514791095,3.0223449825462
436,4.36,0.05409028052669365,2.7179623767036745
437,4.37,-0.030634127333255448,2.9545450779429956
438,4.38,0.048700895290050825,2.7974870183263416
439,4.39,-0.11158117185753216,2.741571614607744
440,4.4,0.0019483809276256148,3.3334567897695093
441,4.41,-0.08813250402691979,3.251292448795912
442,4.42,0.03916359974004132,2.6606464847764633
443,4.43,0.15393352006634903,3.1000800140357576
444,4.44,0.013224763784213276,2.953340579257571
445,4.45,0.006471037111090101,2.958732535840061
446,4.46,-0.07977610190267673,2.803632203103115
447,4.47,-0.10190588535263732,3.1671412677992525
448,4.48,0.09065231918943376,2.9931221253048594
449,4.49,0.021357084771797794,3.0898260705325225
450,4.5,-0.018360976699144455,2.6176578131080013
451,4.51,0.10831963279999245,3.3570523729071944
452,4.5200000000000005,0.06823350655290886,2.5707998031330885
453,4.53,0.05834884375264747,2.8985703985245674
454,4.54,-0.01209222296872453,2.8884951286803635
455,4.55,0.17050950202170848,3.0502332807416264
456,4.5600000000000005,0.07292898651422919,2.892228162243539
457,4.57,-0.05281923744513249,3.042222570984016
458,4.58,0.0012971123519163012,2.9952880580138834
459,4.59,0.07932836768350186,2.7427024574631713
460,4.6000000000000005,0.09358795367092682,3.0287790070841596
461,4.61,0.07087318556553243,3.1421709776747253
462,4.62,0.01373330938202957,2.95941886847605
463,4.63,0.012408246837515628,3.3708876232894722
464,4.64,-0.03427806066097539,2.7848152223948097
465,4.65,0.06303176170088076,2.9577072938960365
466,4.66,0.037286600929479885,2.768271288301376
467,4.67,0.07751183939432726,2.793008467500825
468,4.68,0.1417762168308257,2.5597596919526624
469,4.69,0.0626770464890951,3.0327770479360305
470,4.7,-0.15875901883907562,3.029440484978043
471,4.71,0.11873413818410122,2.7743033634075163
472,4.72,0.09663348033425251,2.7769890093961638
473,4.73,0.052206590645500886,2.99213447730057
474,4.74,-0.03694031810651004,3.192300064013877
475,4.75,-0.10046868925932448,2.7608526555053676
476,4.76,-0.003498905759237038,2.9436834693033305
477,4.7700000000000005,0.01085519382618362,2.7113964432520827
478,4.78,0.08107386212321879,3.1418463411341193
479,4.79,-0.012757524162610084,3.052842046584945
480,4.8,0.2185376071336781,2.592728787723023
481,4.8100000000000005,0.15117764408008755,3.047119600479617
482,4.82,-0.04642063183113483,2.8810986505269556
483,4.83,0.03233872791270078,2.6232054097367308
484,4.84,0.09360815335248038,2.5162784622148586
485,4.8500000000000005,-0.02200598547517936,3.107426190046471
486,4.86,0.252256000367881,2.7947766090520214
487,4.87,-0.021093306834136086,2.862811332038724
488,4.88,0.03674737754941372,2.5687044882298
489,4.89,-0.08109718625619763,2.931079663440995
490,4.9,-0.054363882348217325,2.6763229705151983
491,4.91,0.06659284682929273,2.7804121679719223
492,4.92,0.060287406730717266,2.945521208787641
493,4.93,0.13585847690296318,2.9097180573232206
494,4.94,-0.007073051486776519,2.663378881144146
495,4.95,0.11718874592117712,2.922638433326214
496,4.96,0.13735931502333748,3.260292006774887
497,4.97,0.09175740438361424,3.0330071436069037
498,4.98,0.14776529830695714,2.7049948767989918
499,4.99,-0.013993390620013785,2.3612658465746716
500,5.0,0.041232799127593825,2.763349025157582
501,5.01,-0.11444566996752373,2.827302153609595
502,5.0200000000000005,0.15831341174109645,2.699466082214101
503,5.03,0.03454635936341472,2.6397629825684943
504,5.04,-0.06393254952294052,2.5639297819104225
505,5.05,0.18410973318705082,2.70928710665449
506,5.0600000000000005,0.06267686592142237,2.616910120597487
507,5.07,0.09499014217760865,2.8566643197624173
508,5.08,-0.12294783525842272,2.506893903323764
509,5.09,0.15974672519094837,2.702738994114002
510,5.1000000000000005,0.14562283162334838,2.5196293559385143
511,5.11,0.12339046737312458,2.3043770982247644
512,5.12,0.21049999551952345,2.4518496028534966
513,5.13,0.14063273951576066,2.7711977898472857
514,5.14,0.1841157750831754,2.4106059740090147
515,5.15,0.14277694562168325,2.480729883025576
516,5.16,0.03754918400994129,2.377617539992455
517,5.17,0.059255706852514745,2.6517876414029535
518,5.18,-0.014763378777998132,2.4865217970010023
519,5.19,0.08696205922833,2.7194224874853865
520,5.2,0.17531356192794567,2.5021670344381994
521,5.21,0.004619471485202281,2.8787500098816756
522,5.22,-0.10625155144350004,2.737692417778868
523,5.23,0.07955704521473698,2.8256612230425575
524,5.24,0.09015158601894914,2.6096804221407024
525,5.25,0.05235958106027769,2.681050239479551
526,5.26,0.09854289053089478,2.741795729333414
527,5.2700000000000005,0.11553614665461459,2.572688509740665
528,5.28,-0.011563729025089023,3.060165314667911
529,5.29,0.2504781466251839,2.671914157571824
530,5.3,0.23598498646124538,2.6041502147112108
531,5.3100000000000005,-0.13970205221085857,2.792823142326349
532,5.32,0.01756602505281199,2.9205461118499536
533,5.33,0.07718428431787666,2.6233251211420816
534,5.34,-0.013261190979205334,2.4501918943398557
535,5.3500000000000005,0.16162810597419142,2.623407205778231
536,5.36,0.21994148420540077,2.5586824195552937
537,5.37,0.07212841338933874,2.385524898676182
538,5.38,-0.11121445263491288,2.9308824760802548
539,5.39,0.06551181800031539,2.5077508193120472
540,5.4,0.1209919084297276,2.655976183258467
541,5.41,-0.03379207233059249,2.513491997828726
542,5.42,0.16058816098427767,2.550535293923577
543,5.43,0.11488396795985599,2.901103513181095
544,5.44,0.09515362770039384,2.4273559751152693
545,5.45,0.032176253024591886,2.5826450878566996
546,5.46,0.10174666046826425,2.7961791436087204
547,5.47,-0.044436791034123665,2.5683551261747652
548,5.48,0.1841456115371852,2.6865235461399206
549,5.49,0.017596344855187865,2.2588448414360407
550,5.5,0.09151747688469403,2.5928777486612486
551,5.51,0.05076320779686126,2.9214260257176585
552,5.5200000000000005,-0.07671316091741454,2.6228449521538404
553,5.53,0.13000785108562798,2.6188030300479794
554,5.54,0.24636098544648832,2.7494525582997205
555,5.55,0.0874768878774181,2.2367396159250665
556,5.5600000000000005,0.20152451076988323,2.696377270630498
557,5.57,0.051673554377872216,2.42998375837839
558,5.58,0.09089483629763387,2.7718192481526014
559,5.59,0.051360853497895445,2.565594386903106
560,5.6000000000000005,0.19597760095675726,2.4729249177242383
561,5.61,0.026898849809014483,2.8821398731525893
562,5.62,0.16501093194867528,2.4514840866756087
563,5.63,0.27843361846356385,2.708193275916153
564,5.64,0.2701775772394429,3.101932501074219
565,5.65,0.2465853890779235,2.243023840608914
566,5.66,0.06980271030338421,2.7884699817214598
567,5.67,0.12392058223320371,2.26688323926344
568,5.68,0.21488940664331888,2.5209702505829434
569,5.69,0.0866859492394221,2.674187701816146
570,5.7,0.25578903962174765,2.4912352112524463
571,5.71,0.250194619929482,2.395751787191475
572,5.72,0.3072144235936185,2.3650903601983417
573,5.73,0.18134694270549148,2.692085623956776
574,5.74,0.24167609780910027,2.3880117297658106
575,5.75,0.129464586861249,2.4954900720964313
576,5.76,0.2219337989052837,2.661722360844758
577,5.7700000000000005,0.1956053078531134,2.4843487082105273
578,5.78,0.29712999651027516,2.547016227853803
579,5.79,0.0009175782921537201,2.401421908229692
580,5.8,0.26835481296144337,2.5612218140679985
581,5.8100000000000005,0.09365978430503027,3.006161601944082
582,5.82,0.2554303985286138,2.248156781120969
583,5.83,0.23182515169629433,2.200196854644353
584,5.84,0.20185596455721624,2.7032921655325164
585,5.8500000000000005,0.0484714487484898,2.383891128709519
586,5.86,0.33117189842492584,2.33969319809738
587,5.87,0.23127139491272528,2.508671018887722
588,5.88,0.036057193852248454,2.5209188558859
589,5.89,0.2935044845817033,2.5401515067083893
590,5.9,0.3179134347656934,2.5154268967551814
591,5.91,0.17663250158685462,2.4089126343589613
592,5.92,0.10702776356579996,2.2621001082414542
593,5.93,0.21833359412039152,2.5747613030392125
594,5.94,0.2105452741699214,2.374393663218978
595,5.95,0.30474953953479034,2.735161287814962
596,5.96,0.20342182184768148,2.291243399019242
597,5.97,0.21858947319052047,2.3083781951848366
598,5.98,0.288666940442906,2.9296299385836337
599,5.99,0.15519388478565005,2.4710580660306496
600,6.0,0.32016480078177256,2.9143185434218175
601,6.01,0.14272287527320873,2.38151652548014
602,6.0200000000000005,0.06834874063152319,2.400436054934137
603,6.03,0.19172254724537258,2.4209410997605323
604,6.04,0.28309156039765326,2.658424845789475
605,6.05,0.3110061607836536,2.8444785820555576
606,6.0600000000000005,0.2089524995396756,2.5313490177761837
607,6.07,0.2909893535465732,2.5811648271919903
608,6.08,0.3289458717949524,2.5736024279355405
609,6.09,0.2954751909972949,2.337343309682595
610,6.1000000000000005,0.34332253829804205,2.6345291438995586
611,6.11,0.3532154494887634,2.5693753690655674
612,6.12,0.3209470532332385,2.6884777986273782
613,6.13,0.27560935708922796,2.3106035775388705
614,6.140000000000001,0.363891377566748,2.26579529292553
615,6.15,0.14588050159328603,2.745664204515327
616,6.16,0.2832627749463092,2.5885384913896266
617,6.17,0.4267868009152883,2.182649262037942
618,6.18,0.3260227314039613,2.4206591699955267
619,6.19,0.3803826080650972,2.4587906037466243
620,6.2,0.31141514623843136,2.7891754770677837
621,6.21,0.3868136839828571,2.496110164383983
622,6.22,0.37825960642034306,2.69631641919495
623,6.23,0.3691739179597529,2.520309809028201
624,6.24,0.31094932185951235,2.3575277088030346
625,6.25,0.3915300944414099,2.194918753179075
626,6.26,0.28532343308145885,2.5829126385988714
627,6.2700000000000005,0.42916783886510396,2.537221876187228
628,6.28,0.3915070619318432,2.4678088398500226
629,6.29,0.2999080877750738,2.766692710959512
630,6.3,0.4667952457127065,2.3572921193375653
631,6.3100000000000005,0.5361867629221962,2.4776109485859408
632,6.32,0.47579258468751706,2.615912826139596
633,6.33,0.27328124584586366,2.505340416350723
634,6.34,0.41262738205795246,2.654567600883184
635,6.3500000000000005,0.3659416269299758,2.4701618122034974
636,6.36,0.45891731755636067,2.3851265526239764
637,6.37,0.40416900923657084,2.570128042625988
638,6.38,0.401382505931812,2.8195707483134487
639,6.390000000000001,0.5072367611514081,2.638344399565765
640,6.4,0.5123563841674306,3.105419622651434
641,6.41,0.3777349666484676,2.637251990476101
642,6.42,0.5356080244520398,2.236747236095508
643,6.43,0.5122445847456795,2.772590599166411
644,6.44,0.48612331322744395,2.6802291598250525
645,6.45,0.5816779253058594,2.9251418707851062
646,6.46,0.537555031762482,2.74123141675277
647,6.47,0.555916797190952,2.5984813625297116
648,6.48,0.6987060163415388,2.432103055902252
649,6.49,0.5137100585001076,2.5451965690636094
650,6.5,0.5610586123702268,2.6084801586142876
651,6.51,0.5343054428549447,2.489670446687643
652,6.5200000000000005,0.6068728041843674,2.6408924275109187
653,6.53,0.5035831521148545,2.448276468392402
654,6.54,0.5793646559207066,2.4713263516315833
655,6.55,0.5753792823245473,2.554638401800862
656,6.5600000000000005,0.5951137172547512,2.3698217907974763
657,6.57,0.7200785924514963,2.5571050545316485
658,6.58,0.7514407583456051,2.7755834452547856
659,6.59,0.8477709758694951,2.3255805691265996
660,6.6000000000000005,0.7956288727976631,2.7653311208281646
661,6.61,0.6656607324715935,2.626811630247207
662,6.62,0.7583375126487834,2.7368477757954137
663,6.63,0.8882782604976992,2.5551039736597354
664,6.640000000000001,0.7680854185099018,2.7613784038217832
665,6.65,0.7687786077598495,2.742053606925767
666,6.66,0.8146351343269919,2.6446059844137144
667,6.67,0.8391131165564373,2.644516636849587
668,6.68,0.7300943372892507,3.0256437684275057
669,6.69,0.8959782127324816,2.7475788063770983
670,6.7,0.8915534681146412,2.636864630782576
671,6.71,0.8091852088227051,2.695699507327058
672,6.72,0.8675264308811471,2.717700003274765
673,6.73,0.9907391697490734,2.821521681299184
674,6.74,0.8825307578593051,2.7108708363172362
675,6.75,0.9709854425550623,2.90469781928923
676,6.76,0.9674798231711842,2.568122413826768
677,6.7700000000000005,1.0319336616513775,2.6948328998646884
678,6.78,0.816330381848141,2.945907023067269
679,6.79,1.0383863864722214,2.717145862614558
680,6.8,1.021288913213875,2.6012705486642433
681,6.8100000000000005,1.1006769847693878,2.9545743879011575
682,6.82,0.8765561511733826,2.9500276565799965
683,6.83,0.9180703633037544,3.105052172281355
684,6.84,0.9637562612131709,2.7674728166283185
685,6.8500000000000005,1.125734698893212,2.9554855952034313
686,6.86,1.0591612662148813,2.9498435208211817
687,6.87,1.1862377372520034,2.839996579296411
688,6.88,1.1201204008667012,2.869231252803369
689,6.890000000000001,1.0619543883442382,2.8050465417218247
690,6.9,1.1461103112625248,2.869858222740913
691,6.91,1.319292988917435,2.8404451633657666
692,6.92,1.2736604615383529,3.0573040428379183
693,6.93,1.1896906685873012,3.0333011401131764
694,6.94,1.2542726394281862,2.8106134352348873
695,6.95,1.2449799942898128,2.9768296910623326
696,6.96,1.165658678444723,2.506057986965671
697,6.97,1.3997107524448718,2.590679777298881
698,6.98,1.257024796840177,2.4652364881637636
699,6.99,1.2887638417060339,2.6713518036539994
700,7.0,1.4565728396535254,2.854063025870268
701,7.01,1.4706561456325606,2.94731894095009
702,7.0200000000000005,1.4543934296332,3.2173422464207304
703,7.03,1.4753440265662119,3.0731933339417963
704,7.04,1.3459617888269304,3.0560584374339257
705,7.05,1.5180748812324543,3.1692496156158074
706,7.0600000000000005,1.461285471298225,2.8577438977677674
707,7.07,1.4753512441385852,2.9538112978420235
708,7.08,1.4879376239285078,3.1996945028312513
709,7.09,1.4898172911786127,3.1200465321154716
710,7.1000000000000005,1.651832076249665,2.936938761242011
711,7.11,1.3852947357689995,3.055825438124815
712,7.12,1.5620834534310217,3.1524997753703454
713,7.13,1.5734424520075265,3.132400479902683
714,7.140000000000001,1.5996355289269046,3.273570245502393
715,7.15,1.5897955476116923,3.1271614132774563
716,7.16,1.6090349412347111,3.1978790035943394
717,7.17,1.6277571396719182,3.0377112860389057
718,7.18,1.5688710004325719,3.16414865387429
719,7.19,1.8051910338527086,3.33102615319473
720,7.2,1.8177187604775957,3.1158750597459384
721,7.21,1.6475805234880068,2.9976721760422445
722,7.22,1.7090299451285051,2.8865518523363383
723,7.23,1.6798050360241632,3.3641483669393764
724,7.24,1.8818454959570114,3.2643329038253097
725,7.25,1.7459289745920434,3.5607231836980504
726,7.26,1.713155641232878,3.269133930925508
727,7.2700000000000005,1.9732794519184507,3.217622251612924
728,7.28,1.76087562650048,3.263945521350304
729,7.29,1.9196669878572126,3.417026975170869
730,7.3,1.7692889072596147,3.6968872436300493
731,7.3100000000000005,1.9067516465336556,3.1753596842690954
732,7.32,2.082013063608592,3.1367829994067966
733,7.33,1.9465854760008108,3.5941984668705933
734,7.34,2.1253974600961953,3.5562484267272296
735,7.3500000000000005,1.9657446235161768,3.2388110892270805
736,7.36,2.0061248286649223,3.3745854682219547
737,7.37,2.094546906579868,3.4648752563725846
738,7.38,2.153023694655381,3.5931930108493026
739,7.390000000000001,2.1223586029255608,3.36377134141861
740,7.4,2.1080084879533696,3.376252765718741
741,7.41,2.0651778861657544,3.413263467688589
742,7.42,2.2873687427795497,3.2272423554989307
743,7.43,2.089765435622675,3.2370682371885726
744,7.44,2.249215248685568,3.6724610015347685
745,7.45,1.9902399376721507,4.0813826990327025
746,7.46,2.1988666881684016,3.610435464367752
747,7.47,2.2300515907321246,3.6358129600604316
748,7.48,2.2552618462479703,3.340511289186093
749,7.49,2.269582607159992,3.8517312199777507
750,7.5,2.2808300913553663,3.600722154959199
751,7.51,2.215843833130884,3.764827089688752
752,7.5200000000000005,2.383421286806174,4.102355842085906
753,7.53,2.2115649422038826,3.3964086220669802
754,7.54,2.364263112939382,3.5568778120018014
755,7.55,2.143572247411307,3.779345217316266
756,7.5600000000000005,2.2829464805709,3.832725875264839
757,7.57,2.383680276607355,3.32066872913963
758,7.58,2.400039335014694,3.8527893305134806
759,7.59,2.3944947883427634,3.698706602709584
760,7.6000000000000005,2.2901127506352323,3.9774914663492047
761,7.61,2.3564684193366436,3.76526874156069
762,7.62,2.4595429109904043,3.9595686277221382
763,7.63,2.491285887671469,3.5893260099584356
764,7.640000000000001,2.1949264639050807,3.7928273088837523
765,7.65,2.397713962451975,3.79541196476996
766,7.66,2.263009305085166,4.215921027088361
767,7.67,2.2680071635095884,3.610744085553321
768,7.68,2.5204888449121357,3.791524135467797
769,7.69,2.4016912773362504,4.037747865815462
770,7.7,2.37861404264645,4.1049863033293725
771,7.71,2.2907121849005834,4.150853330402868
772,7.72,2.519422582748575,3.9853483554059483
773,7.73,2.5560175764469077,3.958664935949894
774,7.74,2.5281233747177656,4.232338310256667
775,7.75,2.4445707762497135,4.169999512530581
776,7.76,2.421813765793956,4.157148495795743
777,7.7700000000000005,2.5167461523751955,4.084753087150263
778,7.78,2.5595652373987234,4.04189561805171
779,7.79,2.4784079995812336,4.020371044189508
780,7.8,2.5898375546419996,4.14632568130551
781,7.8100000000000005,2.615304806376006,3.7020230000589525
782,7.82,2.611552653763465,3.9330544031552757
783,7.83,2.664066008158163,4.223136579512689
784,7.84,2.4709505287578635,3.9608223303393824
785,7.8500000000000005,2.5913296693468713,3.9788762811238985
786,7.86,2.679892677510348,3.896742149920019
787,7.87,2.490930910967122,3.9754250373125117
788,7.88,2.490924397642134,4.214270426129521
789,7.890000000000001,2.584019478096978,4.165521116914797
790,7.9,2.68022752480881,4.072359899469256
791,7.91,2.6934968290075267,4.37365048758356
792,7.92,2.4550155593361334,4.345281748974425
793,7.930000000000001,2.4575088511577046,4.044871484928278
794,7.94,2.5989268014564217,4.238604984470745
795,7.95,2.5968635609477624,4.622367846642831
796,7.96,2.6805952024954096,4.443985831266545
797,7.97,2.6388012048772054,4.297854933808517
798,7.98,2.6730062181847183,4.104799420489732
799,7.99,2.524923872322628,4.697404963087469
800,8.0,2.7252497481321,4.3186727742745425
801,8.01,2.7632811926908665,4.31443097847205
802,8.02,2.6190642134348114,4.5754691648326835
803,8.03,2.798879183163829,4.1866986113855935
804,8.040000000000001,2.7106758838069847,4.716215136653493
805,8.05,2.749211778355391,4.4467917311569165
806,8.06,2.5318463371435778,4.398299018247992
807,8.07,2.725675475768516,4.883373809092759
808,8.08,2.5798206107454815,4.563200955958763
809,8.09,2.7477225622444754,4.42035066519203
810,8.1,2.550588186376507,4.6683719958877425
811,8.11,2.597557525864708,4.605840349672314
812,8.120000000000001,2.6616252030736334,4.688116869332088
813,8.13,2.672887802243582,4.84052950796628
814,8.14,2.7313723033029245,4.51007812128125
815,8.15,2.6466895805959556,4.5884709599277995
816,8.16,2.643858340342648,4.448811499994771
817,8.17,2.6483803796991303,5.076552162297744
818,8.18,2.6322627915201267,4.466434421063244
819,8.19,2.7912303766843394,5.008523851116112
820,8.2,2.739213158865856,4.815290735124438
821,8.21,2.767730518251142,4.775273792383723
822,8.22,2.640964953164736,4.671916140618003
823,8.23,2.6470911088157414,4.6931292554105255
824,8.24,2.7032020681990594,4.749583056824358
825,8.25,2.6570747765487157,4.694185341741402
826,8.26,2.602290692173326,4.981592539682754
827,8.27,2.7103006753698757,5.178592602491011
828,8.28,2.6875530963634815,5.14115162874944
829,8.290000000000001,2.6776714071760215,5.11199958906966
830,8.3,2.533314444145484,4.971946543150576
831,8.31,2.7956071903647612,5.161939756612695
832,8.32,2.4937502821295094,5.168327337789411
833,8.33,2.622960654587027,5.19532599701627
834,8.34,2.6868957144795016,4.70655974239138
835,8.35,2.7318223140269966,5.108998106930986
836,8.36,2.6905025188212908,5.080176781342884
837,8.370000000000001,2.6372610335665394,5.417848792833466
838,8.38,2.633968820971994,5.059011397634316
839,8.39,2.586738757573495,5.053142428724296
840,8.4,2.6337899188229716,5.009443255619834
841,8.41,2.6269541506728036,5.142069338492572
842,8.42,2.6194810841113445,5.152695903411457
843,8.43,2.7610522935313906,5.073159019746271
844,8.44,2.593610763372477,4.952918698785805
845,8.45,2.673677228862311,4.938533935587561
846,8.46,2.646853550447068,5.342307632855115
847,8.47,2.61753003068838,5.294229019557135
848,8.48,2.711722049954119,5.2123913166419
849,8.49,2.709548899170585,5.134010600769708
850,8.5,2.714229925028187,5.27611510780584
851,8.51,2.5510466935993543,5.655215435848875
852,8.52,2.626584505955636,5.4024543352660555
853,8.53,2.6434885498991623,5.655142687749942
854,8.540000000000001,2.6333654862196503,5.474352889556111
855,8.55,2.6400349744594016,5.42968409802513
856,8.56,2.586958263943455,5.624907808673736
857,8.57,2.5915847886161036,5.519096191378689
858,8.58,2.622713950224658,5.436388410459584
859,8.59,2.70306626561667,5.5832195838517675
860,8.6,2.5535548482656654,5.295984717740403
861,8.61,2.5692606505108846,5.527731364956123
862,8.620000000000001,2.638589649349476,5.447877075125815
863,8.63,2.5755886364719203,5.923339550674268
864,8.64,2.5355401066663656,5.353442796192233
865,8.65,2.6472330576911163,5.465621057418795
866,8.66,2.5157725001128366,5.304365048024374
867,8.67,2.610272368226091,5.672660880473274
868,8.68,2.733600238407195,5.758960358827756
869,8.69,2.5754648750900015,6.029586514501359
870,8.700000000000001,2.526895718503218,5.820565758919029
871,8.71,2.5686653942507265,5.625239738855561
872,8.72,2.45544991587309,5.603317821798578
873,8.73,2.578451241319969,5.637268502191297
874,8.74,2.4372698475453642,5.838574363116142
875,8.75,2.4744730230426617,5.565697126186658
876,8.76,2.588984497164248,5.925345482252756
877,8.77,2.6238357907381618,5.878061140699954
878,8.78,2.582201434379573,5.8688190457542255
879,8.790000000000001,2.617511349231344,6.208853461601965
880,8.8,2.5855852321736377,5.8378746151861
881,8.81,2.4689033917535514,5.853975672737628
882,8.82,2.592762743094894,6.030776990788718
883,8.83,2.572970422136757,5.733552274568485
884,8.84,2.556845211057819,5.996560743560798
885,8.85,2.4795366029281336,5.61742251825739
886,8.86,2.475676327977584,5.929984780522123
887,8.870000000000001,2.5679327193390886,6.180352653814685
888,8.88,2.3370325029264354,5.8668542301334545
889,8.89,2.4286937500250714,5.840898043329832
890,8.9,2.4781794150702217,5.918871049424391
891,8.91,2.4132691488526907,5.759411845713221
892,8.92,2.452756095161934,5.81040914222658
893,8.93,2.464728410043138,6.013222915600463
894,8.94,2.512189483416207,6.059496244850944
895,8.950000000000001,2.5960940295759616,5.998496409641615
896,8.96,2.3670894098042563,6.244094684470617
897,8.97,2.5237083614765337,6.086212171602814
898,8.98,2.6043872314983045,6.320540214825336
899,8.99,2.508949352444608,6.128106472015685
900,9.0,2.5446692469746806,6.6455601483418825
901,9.01,2.4386175980853784,6.154977083224345
902,9.02,2.3651031735702244,6.3744510979940685
903,9.03,2.3704261056223648,6.27495689168218
904,9.040000000000001,2.4234702448674152,6.427774359541937
905,9.05,2.5231496328283227,6.167730777280186
906,9.06,2.5349006533325102,6.287590155604631
907,9.07,2.408037830658196,6.172821914988379
908,9.08,2.4101396891008737,6.25781633717756
909,9.09,2.4040511543244274,6.547242958831241
910,9.1,2.4471445915437653,6.484450348453546
911,9.11,2.5159182994990594,6.243495279681925
912,9.120000000000001,2.4086437537717917,6.128411126732651
913,9.13,2.254912215312404,6.297345875097011
914,9.14,2.297660943363918,6.180854538172725
915,9.15,2.3075763832264573,6.534962868732133
916,9.16,2.2665344736691027,6.481200274752034
917,9.17,2.2839564014101676,6.2121835862871935
918,9.18,2.32308711864049,6.270783870332961
919,9.19,2.30558827820489,7.025864168761645
920,9.200000000000001,2.2107586048888623,6.459748237235575
921,9.21,2.3238912801462224,6.781967243959951
922,9.22,2.436067302956961,6.699042678225878
923,9.23,2.2722551778193334,6.554860170081374
924,9.24,2.249722888186662,6.541102391595639
925,9.25,2.258399695468253,6.779770034340309
926,9.26,2.2109484380032938,6.67764103599715
927,9.27,2.3410287166953263,6.294084513467224
928,9.28,2.324135661313218,6.468525133173697
929,9.290000000000001,2.3323225715691103,6.679326084492466
930,9.3,2.1732681683003565,6.470675013650712
931,9.31,2.139777524928532,6.758215265848024
932,9.32,2.2761168592483196,6.405656667594064
933,9.33,2.3644311008233108,6.6135753095058165
934,9.34,2.312424175918805,6.623206099626197
935,9.35,2.3047857291004035,6.751480725998571
936,9.36,2.344079361447327,6.633505559767329
937,9.370000000000001,2.0727484813939987,6.458047382561942
938,9.38,2.0621733253060475,6.895729237208793
939,9.39,2.332452945824741,6.909874566728083
940,9.4,2.213916659332494,6.535070806688482
941,9.41,2.0890070808359447,6.899800813970723
942,9.42,2.322325499410791,6.746605102237079
943,9.43,2.261341503795008,6.973097457659493
944,9.44,2.3224096359763338,6.643546866854885
945,9.450000000000001,2.007161600234515,7.564622841697343
946,9.46,2.310774764470842,6.866874159731734
947,9.47,2.0881055532796577,7.000884001832412
948,9.48,2.3737160811463074,6.663372593097451
949,9.49,2.0903886690234064,6.7476299654223935
950,9.5,2.17637597803701,6.896117938714937
951,9.51,2.120038861963997,6.841647205550319
952,9.52,2.150674738602161,6.559493539083108
953,9.53,2.149261370751221,6.876659714303218
954,9.540000000000001,2.2839643444208364,7.015804994308166
955,9.55,2.058079124740465,7.004026185905312
956,9.56,1.9359870244732853,6.97652335993994
957,9.57,1.9852356242585532,7.20586620148163
958,9.58,2.1141319647749457,7.003815867734943
959,9.59,2.1195701283462474,7.083535429339447
960,9.6,2.0322594638249956,6.986764811411731
961,9.61,2.2096379095748513,6.993297162548622
962,9.620000000000001,1.970553041253142,7.099064288795239
963,9.63,1.9109314231246026,6.976807437762959
964,9.64,2.0144918770447466,7.0616187348392305
965,9.65,2.028558968140348,7.154656170524151
966,9.66,2.094685553594468,6.893152220953638
967,9.67,2.123558572483886,7.091796115459068
968,9.68,1.9687885747910563,6.999136737904123
969,9.69,1.9715105375055635,6.903747548477952
970,9.700000000000001,1.9786141473475523,6.985358389907993
971,9.71,2.034262670371357,7.09648145090738
972,9.72,1.7927760819970775,7.290132717961484
973,9.73,2.0619859490885215,7.2132870320553435
974,9.74,2.012866743674639,7.127336804744522
975,9.75,1.9871481447038528,6.991596965053578
976,9.76,2.007017317515713,7.256239041649853
977,9.77,1.9488715612588965,7.461932228422342
978,9.78,1.894838771953037,6.9634762297136295
979,9.790000000000001,1.8969532120093413,7.046843091054039
980,9.8,1.9042365853712424,7.05988201489337
981,9.81,1.9834394148525285,7.0970646613548505
982,9.82,1.8755691655061169,7.311049410967988
983,9.83,1.8834438498234491,7.267914081247573
984,9.84,1.8677352425822442,7.083238702439077
985,9.85,1.7934420659241224,7.167320837933225
986,9.86,1.8965492583220813,7.22320149378222
987,9.870000000000001,1.807415801612225,7.186672007586048
988,9.88,1.9720660994220427,7.318799776262805
989,9.89,1.860546494077293,7.193981917087381
990,9.9,1.9323119915932085,7.197978061277248
991,9.91,1.8220720131815618,7.292737315467778
992,9.92,1.8663442815893387,7.38361212835374
993,9.93,1.7411966918598456,7.1704353066553095
994,9.94,1.7001063672395706,7.3263181308423535
995,9.950000000000001,1.8288423136929475,7.102062490061356
996,9.96,1.5818037081704395,7.36108372870156
997,9.97,1.92418303417944,7.261725626807213
998,9.98,2.010908977124082,7.344249314788135
999,9.99,1.7675725964885283,7.357369046180688
1000,10.0,1.640727184379504,7.119726424135223
1001,10.01,1.7444607391529439,7.480965174679259
1002,10.02,1.7412542904445951,7.275797443710579
1003,10.03,1.7951389409829215,7.318998692560281
1004,10.040000000000001,1.7452574887437367,7.2225177671190295
1005,10.05,1.5786287887575292,7.317318270363066
1006,10.06,1.7615897986716993,7.535155604351971
1007,10.07,1.5767234126589338,7.553289342431085
1008,10.08,1.654819897841771,7.189505426407284
1009,10.09,1.7887708997750775,7.079098475766045
1010,10.1,1.7619728575936033,7.460047974061102
1011,10.11,1.582500812010627,7.528937932859266
1012,10.120000000000001,1.6166012070672717,7.197679552195846
1013,10.13,1.5724668180724324,7.374065851133087
1014,10.14,1.7030652010042588,7.313894320437366
1015,10.15,1.785939226881686,7.246463939750446
1016,10.16,1.6672767378172093,7.651181683493272
1017,10.17,1.7367498787236346,7.051357407939056
1018,10.18,1.4633419391725613,7.478640516940405
1019,10.19,1.6640229506576583,7.64344158735192
1020,10.200000000000001,1.6140287368128767,7.11604772382419
1021,10.21,1.6531294763182542,7.8286769385323005
1022,10.22,1.681749349549337,7.516548517979765
1023,10.23,1.5466884568766475,7.422756015059566
1024,10.24,1.7504740497561386,7.471831361640536
1025,10.25,1.5595758984674966,7.438602463194463
1026,10.26,1.5319323649775083,7.800005249670007
1027,10.27,1.5602985790407946,7.648228498735802
1028,10.28,1.6539049093042693,7.323640859388957
1029,10.290000000000001,1.651953717218296,7.437118444425415
1030,10.3,1.5389064041742555,7.506894441157476
1031,10.31,1.52427837851151,7.411391990215651
1032,10.32,1.5212494155325094,7.693359626639106
1033,10.33,1.4669914145891252,7.569589716019202
1034,10.34,1.5740584225781509,7.493522662294331
1035,10.35,1.3929828599140543,7.583103777036316
1036,10.36,1.508356476434131,7.60406774880002
1037,10.370000000000001,1.463718139147683,7.178016248199084
1038,10.38,1.554921216945199,7.80233296397585
1039,10.39,1.4261415333275576,7.199463395389666
1040,10.4,1.5996072397615806,7.787812589918574
1041,10.41,1.7207774468716428,7.677145100130251
1042,10.42,1.5656595044691592,7.310649324207898
1043,10.43,1.5226077131561717,7.308233345089208
1044,10.44,1.4658542785451851,7.322460596982762
1045,10.450000000000001,1.4994048549410601,7.610038239383018
1046,10.46,1.4996428184258033,7.777911057267674
1047,10.47,1.3057314611462763,7.430382685517029
1048,10.48,1.436356528944024,7.497284463535267
1049,10.49,1.5637892432873364,7.6352967567685734
1050,10.5,1.5506485698111727,7.652925446389969
1051,10.51,1.42618754085538,7.7058245676887465
1052,10.52,1.3268173181658538,7.744988398360721
1053,10.53,1.4200710128687797,7.448001281767272
1054,10.540000000000001,1.2538543802291617,7.6183310265837765
1055,10.55,1.5276772988443983,7.265961727988703
1056,10.56,1.395952739684166,7.301637922764481
1057,10.57,1.4518939271530131,7.282441861047917
1058,10.58,1.2917917437024315,7.7687801500900076
1059,10.59,1.2366744812264134,7.7461698780217025
1060,10.6,1.3206220836430078,7.569029951375186
1061,10.61,1.3908948427318517,7.503594549606648
1062,10.620000000000001,1.2164860941237983,7.22027840632855
1063,10.63,1.434072767946072,7.484010608987448
1064,10.64,1.2996342489719896,7.419770023037986
1065,10.65,1.2951329787744006,7.191487021439194
1066,10.66,1.3705448036040733,7.393440581030862
1067,10.67,1.2524865524887114,7.511645609264296
1068,10.68,1.1132458234946385,7.6921325055728484
1069,10.69,1.4285369646346775,7.453381499008787
1070,10.700000000000001,1.2554308719439053,7.902879027985471
1071,10.71,1.2027471810267367,7.55605173082665
1072,10.72,1.2602973512538567,7.185702837169982
1073,10.73,1.193860812161526,7.572209864596044
1074,10.74,1.376809363828916,7.485252805924614
1075,10.75,1.2210546723655424,7.633419829710683
1076,10.76,1.257614374504136,7.424586399557623
1077,10.77,1.2755213515956,7.256784657505399
1078,10.78,1.1624432909847557,7.590122911151076
1079,10.790000000000001,1.2780452113926613,7.603817010775242
1080,10.8,1.1884046827826038,7.721994230329186
1081,10.81,1.0673103784474693,7.357012275987216
1082,10.82,1.18833082669757,7.390345489517012
1083,10.83,1.1101596737600439,7.792918244324978
1084,10.84,1.0518835509396176,7.515530919522746
1085,10.85,1.255441725006257,7.4594552751459675
1086,10.86,1.2684810485827551,7.517079245201776
1087,10.870000000000001,1.2642399615297126,7.366746217021098
1088,10.88,1.118032549468663,7.873229604052449
1089,10.89,1.2491878971205088,7.439262259444362
1090,10.9,1.0941609958796996,7.800016155493391
1091,10.91,1.225905455849115,7.501662349272287
1092,10.92,1.2803374127611116,7.735244380480904
1093,10.93,0.9443808285175439,7.416645625627318
1094,10.94,1.065524681822159,7.729905295413666
1095,10.950000000000001,1.0330107681862026,7.656677982274466
1096,10.96,0.883938632986023,7.5490889619344665
1097,10.97,1.0195077806016628,7.4313992828129924
1098,10.98,1.1087333948781124,7.4780983400927346
1099,10.99,1.0577488739221637,7.324939732035927
1100,11.0,1.1794969402985007,7.64115406348476
1101,11.01,0.8542195262206161,7.548996546177146
1102,11.02,1.0122205320000777,7.250171816703188
1103,11.03,1.1632575758524104,7.26101320882421
1104,11.040000000000001,1.169173830172293,7.165998267250925
1105,11.05,1.0514536974931217,7.282801020468386
1106,11.06,0.9623549688545887,7.432453203151183
1107,11.07,0.9569705545894165,7.3364647637412705
1108,11.08,1.0109055379275689,7.402103358677248
1109,11.09,0.9575604380705623,6.9038397701353205
1110,11.1,1.1124870078868698,7.618596643696508
1111,11.11,1.021342697792941,7.332409735679757
1112,11.120000000000001,1.003137713006985,7.259108879626431
1113,11.13,0.8704474282687219,7.262070713955366
1114,11.14,0.9979379723700184,7.168241996534939
1115,11.15,1.0206594882958937,7.193139141759321
1116,11.16,0.8780905327931947,7.538382162328178
1117,11.17,0.930936109247926,7.295108740644759
1118,11.18,1.0212485544000096,7.285085674660022
1119,11.19,0.875185132115368,7.6327125467931465
1120,11.200000000000001,0.7976364575584917,7.133480983782608
1121,11.21,0.9699435672179806,7.117879377970367
1122,11.22,1.0125186059290128,7.307959130171129
1123,11.23,1.029870372438289,7.468488247017223
1124,11.24,0.794403485896532,7.137352087724973
1125,11.25,0.9366579628191039,7.26190749089326
1126,11.26,0.8847005737594994,7.51123614113216
1127,11.27,1.0223537385223909,7.298295055097402
1128,11.28,0.8615785429884272,7.219246634039884
1129,11.290000000000001,0.8428392747461698,7.797138570161182
1130,11.3,0.8589592508223893,7.055329837763019
1131,11.31,0.7198390911689833,7.161443752350672
1132,11.32,0.9025533504234684,7.400765189869006
1133,11.33,0.8468149821474398,7.575327237496609
1134,11.34,0.7850957331393726,7.425152219198266
1135,11.35,0.7282270957833263,6.94917587685386
1136,11.36,0.7486854395098118,7.051595840623175
1137,11.370000000000001,0.7457295466256325,7.027287185843209
1138,11.38,0.7207022020650553,7.188827315171888
1139,11.39,0.7988008681455842,7.0866656205476275
1140,11.4,0.6298083955208617,7.015162827362108
1141,11.41,0.8028671869349342,7.106639311795616
1142,11.42,0.6161532222431333,7.0347932790274665
1143,11.43,0.7234859590399336,7.282274267373824
1144,11.44,0.8396531437189698,6.999020031532199
1145,11.450000000000001,0.8890867085448566,7.3019617011706135
1146,11.46,0.7622132706696417,7.0205200960880525
1147,11.47,0.783097162543664,7.0670805929312035
1148,11.48,0.770999662901583,7.3126347681708
1149,11.49,0.7505319970117004,7.056204330252756
1150,11.5,0.5811652678289417,7.394270777305398
1151,11.51,0.823825756538184,6.989646956464496
1152,11.52,0.7473607846863439,7.056571232483484
1153,11.53,0.7322690802497903,7.031641059740764
1154,11.540000000000001,0.6800579308371862,6.952552376814554
1155,11.55,0.7291723706156141,7.3211394335565405
1156,11.56,0.46198889654338926,7.155230866649969
1157,11.57,0.695915952290187,7.182881855758941
1158,11.58,0.7288386747858312,6.842376386983297
1159,11.59,0.5754499051832604,7.024760257692853
1160,11.6,0.6271133841090575,6.723300363346262
1161,11.61,0.746945522533402,7.139769916235535
1162,11.620000000000001,0.448452195556138,6.7652169438543375
1163,11.63,0.558875172733304,7.017124781863169
1164,11.64,0.817811465339098,6.959037548578765
1165,11.65,0.7589672500946324,6.855936991115812
1166,11.66,0.6243591674430263,6.806891117162474
1167,11.67,0.5377845623688305,6.973069685854968
1168,11.68,0.4760256551083093,7.002554240737557
1169,11.69,0.5748072718441672,7.221284460769425
1170,11.700000000000001,0.6907760787470614,6.791343765422654
1171,11.71,0.7345924153835311,7.123111593723224
1172,11.72,0.393485525504877,6.7773113414264285
1173,11.73,0.5542095750080129,6.838864946645389
1174,11.74,0.5793320253225481,7.298165433803162
1175,11.75,0.5936766807912984,6.51523297796728
1176,11.76,0.44277850247308764,7.192329422415197
1177,11.77,0.5415434140816452,6.970471140637718
1178,11.78,0.4212470332043494,6.874532727499633
1179,11.790000000000001,0.4604186208475205,7.0969447277752336
1180,11.8,0.63771432442234,6.5189018776066625
1181,11.81,0.34192010198168243,6.6774160307949275
1182,11.82,0.5203119849461377,7.210489634483001
1183,11.83,0.5161986258818916,6.886715298286076
1184,11.84,0.46104160633862107,6.585696891531386
1185,11.85,0.5955864882932923,6.628088921239249
1186,11.86,0.55188035325795,6.740105409304578
1187,11.870000000000001,0.6957988335087447,6.954979163829397
1188,11.88,0.3053317351938508,6.763188328086551
1189,11.89,0.6106693045406775,6.99774394799109
1190,11.9,0.49818248467387366,6.9767152632353255
1191,11.91,0.4308410069710285,6.7693723391720715
1192,11.92,0.6253937754388043,6.546101257757975
1193,11.93,0.615622589727564,6.850654171397954
1194,11.94,0.32395376141353516,6.474009966491138
1195,11.950000000000001,0.46770916763347214,6.598263129406277
1196,11.96,0.46341727821546314,6.461714649395996
1197,11.97,0.6708537427284648,6.555284145722041
1198,11.98,0.430146183893516,6.874997594909329
1199,11.99,0.36268066619994227,6.648941110243968
1200,12.0,0.468889154916712,6.563162652774228
1201,12.01,0.5214840950788455,6.619071619598685
1202,12.02,0.35781405956618484,6.732144246949344
1203,12.030000000000001,0.38206996119293796,6.742800750739127
1204,12.040000000000001,0.43216808076062313,6.664868314593307
1205,12.05,0.47931687308126236,6.402283174276419
1206,12.06,0.4271738260008367,6.868523972269215
1207,12.07,0.3351329980990978,6.51528433495358
1208,12.08,0.24571266441328768,6.204224740622536
1209,12.09,0.4080718780480744,6.64115129594555
1210,12.1,0.22023464079700827,6.376569292856674
1211,12.11,0.31248930790828194,6.401981231742541
1212,12.120000000000001,0.3541507628575703,6.599022153122388
1213,12.13,0.19634268705150135,6.617404967342553
1214,12.14,0.3982607847408768,6.436067083231863
1215,12.15,0.4061631574942729,6.166801839528413
1216,12.16,0.5316457653741951,6.333793630879495
1217,12.17,0.37963715856078833,6.037553377101555
1218,12.18,0.4671184907935116,6.216965189817694
1219,12.19,0.28829190252410164,6.166629344845313
1220,12.200000000000001,0.20684534222305925,6.393963278045709
1221,12.21,0.19079372790005683,6.251428659796507
1222,12.22,0.2689147330361123,6.226070881535453
1223,12.23,0.2772407308439929,6.288983148002737
1224,12.24,0.28405948652207746,6.005160538982975
1225,12.25,0.36223003916312196,6.34956402978016
1226,12.26,0.256776306830785,6.354866859968007
1227,12.27,0.41917106339577703,5.982291366571524
1228,12.280000000000001,0.23240548648989456,6.302631662930508
1229,12.290000000000001,0.3454056562182726,6.191382737762473
1230,12.3,0.30056277945450244,6.080779973369799
1231,12.31,0.2185737253847551,5.858166836910089
1232,12.32,0.2625702990886212,5.922593007881229
1233,12.33,0.2672993511054239,6.242893031864052
1234,12.34,0.34721198096446504,6.282921519874221
1235,12.35,0.3019524946128923,5.998610146905959
1236,12.36,0.38136433239187795,6.422513304156771
1237,12.370000000000001,0.31360128677385596,6.252573644210283
1238,12.38,0.42435331096115037,6.1070214291198885
1239,12.39,0.3571956863281439,5.964866294654044
1240,12.4,0.17664359672582727,6.253091155858416
1241,12.41,0.36446412966045955,6.272987718383347
1242,12.42,0.24983497674972677,5.911360571486973
1243,12.43,0.1904187907452895,6.111507696378734
1244,12.44,0.3539091248821384,5.748547500779054
1245,12.450000000000001,0.24507175806839082,6.130614004822672
1246,12.46,0.3230126841946849,5.986182350581194
1247,12.47,0.39991984265293057,5.972027603362212
1248,12.48,0.295639570741199,5.776754764471171
1249,12.49,0.27134871462760707,6.21729120396269
1250,12.5,0.31017311163625844,5.6548313145572315
1251,12.51,0.3219066065397702,6.246972668827244
1252,12.52,0.2347323969014847,6.043907891534607
1253,12.530000000000001,0.06321357784293807,5.97927460890824
1254,12.540000000000001,0.4101218837041545,5.6589332648459365
1255,12.55,0.04835923160973865,5.746433331189181
1256,12.56,0.17401190116567583,5.755433968862258
1257,12.57,0.40172864335919467,5.589968693380625
1258,12.58,0.3173373824379253,6.137907764136368
1259,12.59,0.27167967845456964,5.376783617911356
1260,12.6,0.19478213968177807,5.898999476171515
1261,12.61,0.2576763037157968,5.70910529174457
1262,12.620000000000001,0.3427033403437708,5.642392728730557
1263,12.63,0.1945691514480122,5.796122005282204
1264,12.64,0.10785685555009801,5.358298785289672
1265,12.65,0.24520941229526824,5.391536209169723
1266,12.66,0.15621807608764396,5.897207862856097
1267,12.67,0.08934364639747064,6.034619358136044
1268,12.68,0.11991192671660482,5.570676134848048
1269,12.69,0.2956853412213768,5.547175276597466
1270,12.700000000000001,0.36866384766987165,5.673929005474941
1271,12.71,0.3295680114556886,5.576168223299582
1272,12.72,0.13877424454324427,5.945874901404804
1273,12.73,0.14825930277918914,5.342350250841227
1274,12.74,0.2950623524458792,5.526410047097098
1275,12.75,0.19726399911710066,5.720476539143189
1276,12.76,0.21925758256688746,5.52515973047257
1277,12.77,0.09364797041836842,5.528577513062691
1278,12.780000000000001,0.3608565374396886,5.6442201487642985
1279,12.790000000000001,0.33042568077473855,5.152439166470966
1280,12.8,0.26586194848707834,5.724036040187391
1281,12.81,0.014215894140547136,5.465896496586505
1282,12.82,0.2590945126907148,5.178067159257933
1283,12.83,0.1292328601740794,5.128708457422521
1284,12.84,0.15245406225395014,5.433103182066492
1285,12.85,0.1113203741643119,5.467842592786089
1286,12.86,0.1979947447861996,5.300961360843824
1287,12.870000000000001,0.2859198114128671,5.68083788870231
1288,12.88,0.2565532756895871,5.58654868871403
1289,12.89,0.18354143833182715,5.527684360609991
1290,12.9,0.14080500774413507,5.459397187905434
1291,12.91,0.1831708916571691,5.467519487271942
1292,12.92,0.12554694070534841,5.382362884852926
1293,12.93,0.1402613363508892,5.28751216248818
1294,12.94,0.26660221003569834,5.180827686821081
1295,12.950000000000001,0.05928579845450327,5.236227062705758
1296,12.96,0.25742389785878694,5.644679534546393
1297,12.97,0.0075229862734467745,5.332562500671824
1298,12.98,0.05271627867448066,5.0029315242603465
1299,12.99,0.23857565926606478,5.123434933698505
1300,13.0,0.14449866229629796,4.956535081372155
1301,13.01,0.13008047721852156,5.359019613150571
1302,13.02,0.3190672223533658,5.089881573772109
1303,13.030000000000001,0.29188533440300923,5.022935844096411
1304,13.040000000000001,0.30421726478197064,5.215705459050807
1305,13.05,0.23580889759273949,5.1466869357020695
1306,13.06,0.14110584029597006,4.891764704850387
1307,13.07,0.025054212276010512,5.523079756601427
1308,13.08,0.017713973282154544,4.897527930734193
1309,13.09,0.21414250798747111,5.300305458660786
1310,13.1,0.15071186607141424,5.480853846698518
1311,13.11,0.06660448613606773,5.251477861407318
1312,13.120000000000001,0.18681758137055984,5.212323748543405
1313,13.13,0.12142593740488802,5.185191772521198
1314,13.14,0.059215015703273824,4.97451544996548
1315,13.15,0.11993750177399229,4.94604675401061
1316,13.16,0.0541365271257947,5.147471557445565
1317,13.17,-0.03626210495009077,4.961973221860009
1318,13.18,0.22038724174702815,5.18867772699765
1319,13.19,0.14622754174442415,4.942781408293804
1320,13.200000000000001,0.2219262306126175,4.9531156940454295
1321,13.21,0.1759898849465486,4.926771110524231
1322,13.22,0.0030688423486024685,5.094029034401737
1323,13.23,0.16655576389064713,4.91189148215483
1324,13.24,0.29369753573594803,5.015600901382819
1325,13.25,0.07477405473618957,4.712280955340401
1326,13.26,0.11397019284192142,4.839658608757946
1327,13.27,0.11172524928480795,4.924998892577806
1328,13.280000000000001,0.24329008570582877,4.927503868876014
1329,13.290000000000001,0.13522218513119952,4.8445898834327314
1330,13.3,0.21428237583714133,4.705340851613268
1331,13.31,0.26126642606956296,4.471796665254363
1332,13.32,0.21670274524722705,4.861684627136249
1333,13.33,0.1322710856860798,4.6148933083506405
1334,13.34,0.2019599982145499,4.571326132947938
1335,13.35,0.14713958768105015,4.87834552527453
1336,13.36,0.03535859928636101,4.7666749991703945
1337,13.370000000000001,0.10638043423967707,5.077848863267166
1338,13.38,0.05576635878571759,4.42435567868677
1339,13.39,0.13535908490215126,4.539582635804389
1340,13.4,0.14238919108960002,5.071774247038719
1341,13.41,0.1451391403176606,4.173765439489168
1342,13.42,0.09332187075742374,4.8629095475154385
1343,13.43,0.11088810573469307,4.971321442963618
1344,13.44,0.021807992143379473,4.649822011346489
1345,13.450000000000001,0.17532164991854138,4.579789182087976
1346,13.46,0.2565263451990651,4.55281289301119
1347,13.47,0.3159764873416391,4.400674135817919
1348,13.48,0.09698341829720342,4.347684690082603
1349,13.49,0.07403923158937234,4.908041198977657
1350,13.5,0.12152960209391371,4.777733941423261
1351,13.51,0.11897808910758138,4.559756785532392
1352,13.52,0.14414893982758256,4.184546324025127
1353,13.530000000000001,0.05845151471992553,4.650918474216902
1354,13.540000000000001,0.06223534060631693,4.603569539473222
1355,13.55,0.11410636291984341,4.740573525256128
1356,13.56,0.06587503965195161,4.727449221184874
1357,13.57,0.07678410092392564,4.6054933082568645
1358,13.58,0.07157219292305989,4.384998357605617
1359,13.59,0.15751711616800662,4.148615698160574
1360,13.6,0.12983839038145736,4.362515733278715
1361,13.61,0.061254202722413775,4.377323716354559
1362,13.620000000000001,0.11114373991587137,4.690948660671951
1363,13.63,0.07960590075726225,4.273985918493254
1364,13.64,0.08463836228976815,4.822131761439288
1365,13.65,0.2794639967044107,4.521406738188037
1366,13.66,0.1997729750963004,4.771179959481258
1367,13.67,0.16467560997359815,4.645236907720655
1368,13.68,0.03467325055801024,4.33302565805132
1369,13.69,0.06489523273548492,4.877053266301661
1370,13.700000000000001,0.21983692899352197,4.5278154866255855
1371,13.71,-0.028038415985032455,4.31641387796721
1372,13.72,0.06672149909213364,4.331333166915067
1373,13.73,-0.056500965994689206,4.444846037014819
1374,13.74,0.11766563261496117,4.240584500009346
1375,13.75,-0.04694466081472573,4.874047024106406
1376,13.76,0.16490953345612588,4.545207348725636
1377,13.77,-0.06041765948238442,4.024272877280577
1378,13.780000000000001,0.07123073165236321,4.221747506971222
1379,13.790000000000001,0.04870205601427305,4.18565925208982
1380,13.8,0.16917008644626014,4.078857770387879
1381,13.81,0.06138718554171477,4.4740074196619855
1382,13.82,-0.02444209694090463,4.382447720196575
1383,13.83,0.29147357887648795,4.239581214843488
1384,13.84,0.15258587451633135,4.2999604061983305
1385,13.85,0.1074378649656734,4.209300718274204
1386,13.86,0.06960348126148275,4.554748013793445
1387,13.870000000000001,0.22661737565166537,4.152450766097327
1388,13.88,0.2607315926793253,4.462764791193859
1389,13.89,0.018130566148251162,4.102594767551673
1390,13.9,0.14214652757628313,4.120861427288008
1391,13.91,0.14578364091365337,4.264879194344906
1392,13.92,0.14649445678657042,4.221948359859316
1393,13.93,0.1961245799459841,4.340180389825105
1394,13.94,0.12219818794538442,4.357806668325254
1395,13.950000000000001,0.22421130029548153,4.205585937283878
1396,13.96,0.056125335897224515,4.236096381744161
1397,13.97,0.08366606296238607,4.1443589291102185
1398,13.98,0.16415938210384592,4.157864667042815
1399,13.99,0.27036427884544956,3.858101996954444
1400,14.0,0.09563661799001197,4.682710238300215
1401,14.01,0.1604340010696284,3.7596870621037435
1402,14.02,0.04511387372956163,3.5608064756222957
1403,14.030000000000001,0.17902578577751418,4.192218221722888
1404,14.040000000000001,0.3076661390875104,4.3571922175062285
1405,14.05,0.13600412246522908,4.05026697382541
1406,14.06,0.007024924345750416,4.1637508074247895
1407,14.07,0.17092623403069887,4.058147868415464
1408,14.08,0.3516483908455411,3.7315589803304947
1409,14.09,0.22852181756378082,4.00512523614858
1410,14.1,0.22789032909843518,4.066927101383729
1411,14.11,0.06341874114745555,3.7425813623284627
1412,14.120000000000001,0.16269235708517804,4.1317483165190945
1413,14.13,0.11947029778869912,4.098705987104874
1414,14.14,0.19007711206630454,4.380829937313672
1415,14.15,0.11268093910345843,3.9693733338182104
1416,14.16,0.10960123970284011,3.939099404730131
1417,14.17,0.10522627227184729,3.83443576082059
1418,14.18,-0.012577339908726698,3.9845599172520076
1419,14.19,0.22183780061656622,3.9486420014363057
1420,14.200000000000001,0.2562185195763361,3.95973190149203
1421,14.21,0.16664643051440867,3.985940821272444
1422,14.22,0.2515543426346293,3.971803154421593
1423,14.23,0.0005086997838701923,4.142906100641118
1424,14.24,0.05602976273588245,3.824979837906661
1425,14.25,0.15627402567165122,3.8400665629776554
1426,14.26,0.06640673726784466,4.162489339449543
1427,14.27,0.18174295872904217,3.7407138560718356
1428,14.280000000000001,0.1692477963609259,4.133347928110758
1429,14.290000000000001,0.1559179649724684,3.778897999169062
1430,14.3,0.11342415301032341,4.3856863512752735
1431,14.31,0.2003832357516622,3.825531853208137
1432,14.32,0.07709054458635843,3.994791879735979
1433,14.33,0.0488721232021882,3.685164204283341
1434,14.34,0.04188006656675698,3.9571730821260207
1435,14.35,0.23161599269852678,3.8791499656564357
1436,14.36,0.19378572290846718,4.089272717305447
1437,14.370000000000001,0.10766226531203078,4.156105681433017
1438,14.38,0.006355765281277209,3.772201970110527
1439,14.39,0.24986239512213734,4.092190028910237
1440,14.4,0.1792382326562005,3.8731004383985828
1441,14.41,0.11843957309746687,4.012981729961618
1442,14.42,0.22413462261606548,3.7875356956805417
1443,14.43,0.14086217678301463,3.4512680426957023
1444,14.44,0.15460768102655578,4.076539433332959
1445,14.450000000000001,0.01631991277125286,4.000000805645892
1446,14.46,0.17773044152432627,4.034649588360869
1447,14.47,0.10908647437814932,4.13000582683435
1448,14.48,0.10251253837895435,3.554331061826023
1449,14.49,0.10808642590419221,3.960600973517344
1450,14.5,0.12239842928930494,3.818197402830286
1451,14.51,0.09620052453338672,3.8166906213730885
1452,14.52,0.23229648485006973,3.791033853491576
1453,14.530000000000001,0.14538278455523418,3.736948906084605
1454,14.540000000000001,0.14942536943632326,4.230314563977988
1455,14.55,0.22438668533250108,3.809807329022044
1456,14.56,0.00947803120035648,3.4717034395993958
1457,14.57,0.15230437741418554,3.5749785759068207
1458,14.58,0.32715232900323915,3.783145698607324
1459,14.59,0.24078287074497634,3.904320952377736
1460,14.6,0.1425209085971401,3.766821830881329
1461,14.61,0.14035161284224817,4.001680506164731
1462,14.620000000000001,0.115195315763147,3.6158390876168087
1463,14.63,0.22764329617793025,3.8660595024271265
1464,14.64,0.1441614728463062,3.775529808044419
1465,14.65,0.12197396259596541,3.871985157734048
1466,14.66,0.004575779628373411,3.770979453821159
1467,14.67,0.17858971983908828,3.9871009875612877
1468,14.68,0.2340227992578865,3.8800362537649
1469,14.69,0.19275512129275604,3.4233018940921416
1470,14.700000000000001,0.27928703974128216,3.79716916636179
1471,14.71,0.36555822629844503,3.8002272018510035
1472,14.72,0.06767576424555903,3.5097500816883165
1473,14.73,0.3039651492204808,3.4515303855013038
1474,14.74,0.052787803872860695,3.84582377058118
1475,14.75,0.10320489933729203,3.70185061826559
1476,14.76,-0.14198965157550564,3.7383520255864124
1477,14.77,0.20262780495028584,3.647437296676977
1478,14.780000000000001,0.16094118664508875,3.6256006660459064
1479,14.790000000000001,0.22887332485073694,3.5442680813956104
1480,14.8,0.09419336516830006,3.818835727308344
1481,14.81,0.328314529519333,3.460303731960519
1482,14.82,0.2711054948718442,3.492478070556085
1483,14.83,0.22216373641335121,3.643940342686086
1484,14.84,0.18164988825512737,3.616988116118537
1485,14.85,0.1556500272517576,3.8319840021401856
1486,14.86,0.32031264564037776,3.8299407050595566
1487,14.870000000000001,0.25446348409420405,3.5104340630255795
1488,14.88,0.2585013002797177,3.465328590557094
1489,14.89,0.10577256418668242,3.7594319248348085
1490,14.9,0.22505166158252138,3.4633046345576837
1491,14.91,0.24302926478329945,3.5162733001604303
1492,14.92,0.20696758536085136,4.08311736448878
1493,14.93,0.2561001451815702,3.8094351134021656
1494,14.94,0.16103199573752033,3.677617692456633
1495,14.950000000000001,0.27770637449110225,3.587037580884859
1496,14.96,0.15605829718416575,3.82978085991073
1497,14.97,0.21690299611826694,3.3162236180000875
1498,14.98,0.33577953432676555,3.4998743997163984
1499,14.99,0.23827801697519496,3.34104426487411
1500,15.0,0.28935609185560435,3.718411993827303
1501,15.01,0.26241063970995976,3.912487381392409
1502,15.02,0.25271412071428695,3.9600675433343877
1503,15.030000000000001,0.07920900523668473,3.6171593549234005
1504,15.040000000000001,0.417742858158071,3.5470195657736747
1505,15.05,0.2064971426845539,3.579737543484033
1506,15.06,0.27137515151923,3.7068117764613087
1507,15.07,0.44182085418346284,3.7460823582947933
1508,15.08,0.28680005328303415,3.4002776770706236
1509,15.09,0.2998513518583352,3.6839028961794646
1510,15.1,0.18295453342925894,3.541999411873358
1511,15.11,0.37715530863009084,3.23533104282689
1512,15.120000000000001,0.201549635583283,3.775025969845302
1513,15.13,0.21618531844058556,3.586813900703998
1514,15.14,0.24327208131892453,3.585933566796615
1515,15.15,0.24374326914924005,3.418510534839332
1516,15.16,0.30053596593348364,3.7531764587583294
1517,15.17,0.22275308099250601,3.2947319950017127
1518,15.18,0.36036498173627,3.334837006990287
1519,15.19,0.3322486880617692,3.3899946395032634
1520,15.200000000000001,0.2855386868508769,3.5734462545123744
1521,15.21,0.3821181302950302,3.2818271634059575
1522,15.22,0.23275303930292912,3.5336731861559025
1523,15.23,0.2501547266327745,3.4856863777362417
1524,15.24,0.42116926352708894,3.2361802993467887
1525,15.25,0.31910713244456657,3.569418957358664
1526,15.26,0.19818663784402057,3.601157055601598
1527,15.27,0.27553358555534285,3.845004865494848
1528,15.280000000000001,0.1626378935697146,3.4441489288395415
1529,15.290000000000001,0.3622806494002048,3.2828405284332716
1530,15.3,0.19229989819479854,3.488090838171852
1531,15.31,0.33325402940184756,3.639905939993463
1532,15.32,0.3092154233452835,3.488621315849483
1533,15.33,0.3483715187335519,3.6426444956075517
1534,15.34,0.3279900932087584,3.249648707635888
1535,15.35,0.3134643167205368,3.5254578544046486
1536,15.36,0.18335747548120412,3.481359680363632
1537,15.370000000000001,0.2764485995634743,3.3834649197073006
1538,15.38,0.30562550398110944,3.4856680882899616
1539,15.39,0.4913407297260387,3.530621706603974
1540,15.4,0.186888602776616,3.4943782323108055
1541,15.41,0.25246177580167023,3.0481086926914185
1542,15.42,0.3250065719908107,3.3899981116861904
1543,15.43,0.24219530649338936,3.787865755363284
1544,15.44,0.3689966516215177,3.8018395799578637
1545,15.450000000000001,0.22642673566812016,3.7670668385819526
1546,15.46,0.289378284693407,3.547315965845331
1547,15.47,0.30081532830052843,3.5045601097578345
1548,15.48,0.26528044056659933,3.621172117137667
1549,15.49,0.40101431249638353,3.6634919736418827
1550,15.5,0.305987396864959,3.4431695919842773
1551,15.51,0.29988873850910075,3.3355188019218334
1552,15.52,0.3086114174280634,3.412120777233137
1553,15.530000000000001,0.4673235919415338,3.406848319646841
1554,15.540000000000001,0.24642476699307264,3.369419785184293
1555,15.55,0.32925905062187255,3.5294265187047036
1556,15.56,0.42930941899354036,3.219856027126948
1557,15.57,0.4511782489342143,3.4488703716112803
1558,15.58,0.5267670333544578,3.616561473267536
1559,15.59,0.3185536938632386,3.9129081838000186
1560,15.6,0.43340937393198836,3.6179409336258703
1561,15.610000000000001,0.3401945032023022,3.482284129563733
1562,15.620000000000001,0.2869562106635649,3.360830360616167
1563,15.63,0.45657232684338805,3.787711709770895
1564,15.64,0.4625580043423838,3.3379559799586813
1565,15.65,0.41864604081301626,3.2832927878956673
1566,15.66,0.33310755039836276,3.695268937087719
1567,15.67,0.3943634784118274,3.30461601124429
1568,15.68,0.4701932691292146,3.5065408606984487
1569,15.69,0.47743131875495576,3.150345577094478
1570,15.700000000000001,0.5459066972596797,3.5526725252244162
1571,15.71,0.5619697993213588,3.509320586876133
1572,15.72,0.5509297787398788,3.6730676805106315
1573,15.73,0.46874003166702066,3.408983609568796
1574,15.74,0.3731044486038606,3.283469241650378
1575,15.75,0.5428395033140136,3.4275270029091147
1576,15.76,0.6426861432775016,3.2809376933212073
1577,15.77,0.5712828317511677,3.3618076394751197
1578,15.780000000000001,0.4779695558959459,3.5370844476783074
1579,15.790000000000001,0.5587980984045192,3.695975485794541
1580,15.8,0.4936699827162824,3.6986447381653713
1581,15.81,0.566107153523758,3.810369698579134
1582,15.82,0.5180586023790983,3.3832825632028114
1583,15.83,0.5616443246135832,3.5170564928805144
1584,15.84,0.29125305674446345,3.5161095930689137
1585,15.85,0.6654439968679933,3.5224841263311157
1586,15.860000000000001,0.47120032707368614,3.325853430438665
1587,15.870000000000001,0.5112256441843737,3.388117994708642
1588,15.88,0.5157953480906696,3.6378344469910524
1589,15.89,0.5699511253111488,3.443431255692735
1590,15.9,0.6140626421580182,4.070675778671444
1591,15.91,0.6072733994626952,3.3793080789295717
1592,15.92,0.4011073638174215,3.4123477898720096
1593,15.93,0.674473151604416,3.4787933024190774
1594,15.94,0.6387595917829488,3.398763016738737
1595,15.950000000000001,0.6665367524059875,3.6933253482023174
1596,15.96,0.542255717161803,3.482897234099268
1597,15.97,0.5289815253018222,3.4568866289925517
1598,15.98,0.5793288657622346,3.8487979939954733
1599,15.99,0.6958832510306436,3.4162539860702195
1600,16.0,0.6303721791709325,3.517677254131072
1601,16.01,0.6786163691110584,3.5197886061766734
1602,16.02,0.7009288447778511,3.4488156859355468
1603,16.03,0.7011176494930759,3.835099877296553
1604,16.04,0.6658788690537311,3.511460739934338
1605,16.05,0.6959522503934963,3.9803697453998774
1606,16.06,0.7186505630096391,3.423779132400874
1607,16.07,0.6360194087273268,3.812089786583882
1608,16.080000000000002,0.786220370616585,3.720087774110457
1609,16.09,0.6235604978264389,3.531798456309073
1610,16.1,0.7332252465090153,3.7566026380935225
1611,16.11,0.5976205526427897,3.4669752308540724
1612,16.12,0.8106803351502273,4.224035316229723
1613,16.13,0.6567587651513057,3.7991315081263215
1614,16.14,0.6483675158405983,3.5521365857423204
1615,16.15,0.6995233592262139,3.5487554384210833
1616,16.16,0.9411462594679237,3.610334281663479
1617,16.17,0.9528828416151887,3.508414277341756
1618,16.18,0.7312307187735876,3.6713577606324925
1619,16.19,0.918383461076809,3.7603934947173836
1620,16.2,0.916937672459553,3.870365192370386
1621,16.21,0.8309511430525398,3.6353293546985537
1622,16.22,0.971871939876272,3.6053873321508054
1623,16.23,0.7341673856821,3.7348386245463456
1624,16.240000000000002,0.9173207312778009,3.912035726354594
1625,16.25,0.9227629373300448,3.807363034373637
1626,16.26,0.8954996698621086,3.8746612442108352
1627,16.27,0.8653664495274669,3.4725626942329955
1628,16.28,0.8939379062543672,3.9917106443367656
1629,16.29,0.8550111195202732,3.990889843676068
1630,16.3,0.9511995561598953,3.987901437801821
1631,16.31,0.7659925221723379,3.7987055155104015
1632,16.32,0.8286779916164713,3.98670701245482
1633,16.330000000000002,1.0123468557224662,3.594262171858092
1634,16.34,0.9517579019264875,4.113434122607446
1635,16.35,0.8122601602128556,3.960471883986976
1636,16.36,0.9765509745789944,3.6682877435834986
1637,16.37,0.9641341279019381,4.151889556629625
1638,16.38,1.0188082324625125,4.065237541762779
1639,16.39,0.9351057350085651,3.8254497489504615
1640,16.4,0.9635489661686525,3.633759148449474
1641,16.41,0.9017076536274709,4.165468402265867
1642,16.42,1.0106673555546677,3.771521569140503
1643,16.43,1.018952075279224,4.006236496905462
1644,16.44,1.0914495832906355,4.1276693634470725
1645,16.45,0.9982671905936351,3.970723523660766
1646,16.46,1.1175288316310727,4.073190329843293
1647,16.47,1.1172829670224265,4.029574325774338
1648,16.48,1.1202277706868329,3.7903607425056833
1649,16.490000000000002,1.1551494425277107,4.105498685451548
1650,16.5,0.9996762011975703,3.946465242237447
1651,16.51,1.1371554871372669,3.9043904991726373
1652,16.52,1.0777735419000507,4.260749507086969
1653,16.53,1.1277959892504952,3.760167033911239
1654,16.54,1.111375096012649,3.885325107318597
1655,16.55,1.0834199836881606,4.376262705193857
1656,16.56,1.2168830335849004,4.1092304539887525
1657,16.57,1.1817999344095242,3.958187856919015
1658,16.580000000000002,1.1959179846418444,4.123780185331001
1659,16.59,1.2371669912655965,4.082525121777424
1660,16.6,1.090549731962137,3.9351784137149775
1661,16.61,1.278385104960511,3.9479848430793214
1662,16.62,1.2933242518076036,4.2524661554280305
1663,16.63,1.1310598492814907,3.974944271659293
1664,16.64,1.3202230581176557,4.192270300738555
1665,16.65,1.4091007912390343,4.035634236865684
1666,16.66,1.2575451179831385,4.223228941170833
1667,16.67,1.4689416052536886,4.138434471701332
1668,16.68,1.224949285755394,4.121183766012895
1669,16.69,1.2707994882549754,3.906442931132693
1670,16.7,1.3376214410774483,4.3286691497821295
1671,16.71,1.3020487543302046,4.002683015583345
1672,16.72,1.1722804956537427,4.163026882670733
1673,16.73,1.440185739770547,4.131535403201023
1674,16.740000000000002,1.5772403624297786,4.238754614448116
1675,16.75,1.2871484574631795,4.330257986943108
1676,16.76,1.456935600792284,4.145737312195577
1677,16.77,1.314428640529601,4.547695686046168
1678,16.78,1.2716313542132358,4.498599500297087
1679,16.79,1.52653785239369,4.484482852829713
1680,16.8,1.4360896006578932,4.2241691573296265
1681,16.81,1.3812527184525838,4.167359728328966
1682,16.82,1.323929576721751,4.195353422508123
1683,16.830000000000002,1.377587559283606,4.31315118337257
1684,16.84,1.481734456479204,4.353724829571826
1685,16.85,1.4571360580790182,4.864487072102863
1686,16.86,1.6486562166618646,4.615285746483826
1687,16.87,1.4350143234542445,4.828355718314685
1688,16.88,1.5476400102541916,4.215314690689073
1689,16.89,1.470251278872466,4.380210300519998
1690,16.9,1.4135795026809288,4.507840373357368
1691,16.91,1.5600449136691017,4.3348173073261655
1692,16.92,1.721138133611482,4.7168458178199675
1693,16.93,1.5478114337716942,3.9457589380941807
1694,16.94,1.669617665639269,4.357785095297371
1695,16.95,1.7719207833243558,4.1507317990195505
1696,16.96,1.7441350522123091,4.4838015441129935
1697,16.97,1.676282119120317,4.732821565466596
1698,16.98,1.6336826320437663,4.348471165584694
1699,16.990000000000002,1.5048647104390438,4.644296214946826
1700,17.0,1.6727439064643195,4.792738913447325
1701,17.01,1.620204864995166,4.8043893407084655
1702,17.02,1.6557001112174528,4.41965236755772
1703,17.03,1.791406045173759,4.682030124262036
1704,17.04,1.7047218452383637,4.67510112291809
1705,17.05,1.8312103884496835,4.61689066024583
1706,17.06,1.5402597546142547,4.691230875304704
1707,17.07,1.8066372470186283,4.435377078657612
1708,17.080000000000002,1.8589797225811213,4.564854688837622
1709,17.09,1.7513735900704235,4.3677237946609
1710,17.1,1.695167628452465,4.552519492567147
1711,17.11,1.6827923320115745,4.452065299914706
1712,17.12,1.7954497651933055,4.996017477274668
1713,17.13,1.6879486509539816,4.7749856257666785
1714,17.14,1.8270245787454065,5.015201903527969
1715,17.150000000000002,1.770269987486186,4.661736377846022
1716,17.16,1.887360525899664,4.4501360083165
1717,17.17,1.8437117410939647,4.643796536454409
1718,17.18,1.8644675956789878,4.493931602791965
1719,17.19,1.9220592174138968,4.594071235538697
1720,17.2,1.8733314179609815,4.9427294368561645
1721,17.21,1.8015649455311558,5.301475019193974
1722,17.22,1.7095351137702357,4.744528549300114
1723,17.23,1.8694322817705809,4.871203793090235
1724,17.240000000000002,1.967802552930908,5.242531005506029
1725,17.25,1.7078065938689495,4.652360357501226
1726,17.26,1.7935898876252936,4.852957220000338
1727,17.27,1.8172848811680695,4.972467078640348
1728,17.28,1.9559012521532002,4.811516028916308
1729,17.29,1.8667714058729445,4.784006469666074
1730,17.3,1.881119897906716,4.586525560653728
1731,17.31,1.9419335191726794,4.8304631602703
1732,17.32,1.9146795900331361,4.899273735851283
1733,17.330000000000002,1.875157392924745,5.210635948418422
1734,17.34,2.032581837670838,5.274596571663205
1735,17.35,1.9015394626346402,5.188223260087792
1736,17.36,2.1595605328586673,4.7101292046932635
1737,17.37,1.9792294837642659,5.105489703922244
1738,17.38,1.85928144132765,5.1495213050586965
1739,17.39,1.9701145967101903,4.773568254088108
1740,17.400000000000002,2.0427476651902268,5.001124694372994
1741,17.41,1.9721299095092168,5.112576577545214
1742,17.42,1.9173463328990696,5.311858429156617
1743,17.43,2.0627526166458434,5.217802595229864
1744,17.44,2.067568637250185,5.111040785151221
1745,17.45,2.0442130959789777,4.9179714606888325
1746,17.46,1.9994373952969504,5.091406848375925
1747,17.47,2.0752789932446847,5.311792748592779
1748,17.48,2.193011516819105,5.259456390584385
1749,17.490000000000002,2.066963880447525,5.517537262365698
1750,17.5,2.146722783230894,5.43504705456634
1751,17.51,2.1497303106333447,5.386826742696703
1752,17.52,2.0555107438175506,5.338173008104366
1753,17.53,2.147336023326977,5.411567336099533
1754,17.54,2.165382721230683,4.988002947102657
1755,17.55,2.1747402804107163,5.571933433846448
1756,17.56,2.089586327942242,4.917442761931458
1757,17.57,2.032461454410782,5.223254908020421
1758,17.580000000000002,2.233860876140705,5.210136947457299
1759,17.59,2.0569633876669164,5.37032061605276
1760,17.6,2.139910435483844,5.7579000388203045
1761,17.61,2.1045030788468897,5.368882951301256
1762,17.62,2.0655952213445774,5.490277014088376
1763,17.63,2.1662128572463257,5.274740837076648
1764,17.64,1.9978109658915304,5.59994916811669
1765,17.650000000000002,2.2042696322763136,5.394036710084153
1766,17.66,2.0307709086513244,5.0484737966104944
1767,17.67,2.1961609197541816,5.304192014661946
1768,17.68,2.2502877203299247,5.582682005184774
1769,17.69,2.296825690134929,5.459245497600067
1770,17.7,2.120708416433477,5.685829377709111
1771,17.71,2.220229251515186,5.3070485102240665
1772,17.72,2.1901249157331306,5.7810009263057704
1773,17.73,2.1082749659255406,5.44087721512203
1774,17.740000000000002,2.148306705948964,5.46350035900648
1775,17.75,2.1854434476134976,5.45735175765916
1776,17.76,2.2599932968518077,5.441035499010288
1777,17.77,2.0607796795085678,5.95604609353103
1778,17.78,2.1301388738316227,5.390876758212046
1779,17.79,2.1519096634144717,5.56702640904934
1780,17.8,2.3379458676982825,5.618368851734168
1781,17.81,2.212933369942971,5.6293028899920055
1782,17.82,2.158369880239746,5.736250529824628
1783,17.830000000000002,2.1697977542876754,5.644585675366823
1784,17.84,2.2749287704893657,5.649525008561809
1785,17.85,2.2014650037945724,5.728644682008976
1786,17.86,2.22049329471481,5.498510614271113
1787,17.87,2.223767166897175,5.819060753660538
1788,17.88,2.2432776918308153,5.651238259846673
1789,17.89,2.11749856288988,5.466969355598637
1790,17.900000000000002,2.1594729434869087,5.548831408964406
1791,17.91,2.126686943242912,5.993548569321815
1792,17.92,2.188559590316256,5.692368443444949
1793,17.93,2.21618398326238,5.881462226304023
1794,17.94,2.2124531458551786,5.582727681744972
1795,17.95,2.172484198199293,5.950565227282099
1796,17.96,2.2660038239092315,5.900969612760266
1797,17.97,2.185864444993137,6.1204342616257055
1798,17.98,2.2943364449830046,6.206114286919759
1799,17.990000000000002,2.331757495243762,5.918892935906333
1800,18.0,2.3402107447779112,5.85000636475283
1801,18.01,2.0880012176054805,6.235431036145693
1802,18.02,2.047211202894842,6.069933793265116
1803,18.03,2.2106249248250487,5.743334870547822
1804,18.04,2.1189717381666675,5.617955700658075
1805,18.05,2.2454310689256736,6.010045306407348
1806,18.06,2.194884932667353,5.923793825648281
1807,18.07,2.240824678781316,6.241625670810611
1808,18.080000000000002,2.1939085257868873,6.204407787588592
1809,18.09,2.2156968659033076,5.842099464114511
1810,18.1,2.175787126232864,5.488134720328384
1811,18.11,2.0313259978852694,5.868243622367576
1812,18.12,2.022155825900418,6.242472482842455
1813,18.13,2.1621369837130184,6.127461582601512
1814,18.14,2.015771173076456,5.491902707205557
1815,18.150000000000002,2.048462764250519,5.9965381716355735
1816,18.16,1.9383242967462313,6.403597159311699
1817,18.17,2.235661797043936,6.356590451201833
1818,18.18,2.2011544178735605,6.272124407040292
1819,18.19,2.032802089735186,6.569636735695223
1820,18.2,2.1671231574676084,6.051402001417845
1821,18.21,2.295049836233156,6.1909626559873425
1822,18.22,2.135767364822278,6.262924603564251
1823,18.23,2.226395147038512,6.472926008408276
1824,18.240000000000002,2.0725674923741804,6.29271686623776
1825,18.25,2.155697165821519,5.965771008466682
1826,18.26,2.131889846426874,6.313649212705455
1827,18.27,2.040497027380519,6.415222692522143
1828,18.28,2.0228120140643293,6.23075620504097
1829,18.29,2.1235989677790386,6.619977170608067
1830,18.3,1.9726845454816775,6.291358514101628
1831,18.31,2.0826125444259276,6.420727860062639
1832,18.32,2.225968829923045,6.459388263569452
1833,18.330000000000002,2.262643597873411,6.363564605410349
1834,18.34,2.076262465813736,6.275462719197375
1835,18.35,1.9852097431782334,6.47209831671543
1836,18.36,1.894755579961596,5.928166956123468
1837,18.37,1.9313946095798498,6.649201245319757
1838,18.38,2.080505152877732,6.658070915730212
1839,18.39,2.0805274543438594,6.393166104869389
1840,18.400000000000002,2.18601875670212,6.690256612890979
1841,18.41,2.1325582279714546,6.301647015726282
1842,18.42,2.18065151974781,6.543219650575874
1843,18.43,2.0296572838046605,6.4488865858305
1844,18.44,1.9752029482401414,6.623203164629596
1845,18.45,2.0177321230586056,6.486910706207266
1846,18.46,2.014614349909148,6.604878458923071
1847,18.47,2.0592104150908206,6.568512050820851
1848,18.48,2.001592912055501,6.6867001890842275
1849,18.490000000000002,2.0730699731275557,6.72344994547216
1850,18.5,2.0452087728450863,6.452160956449448
1851,18.51,1.8646153933185023,6.48649088951097
1852,18.52,2.0598149848569536,6.711861754338879
1853,18.53,2.0458935586808624,6.526853319896475
1854,18.54,2.0294942378741943,6.476289282910632
1855,18.55,2.030574526709669,6.722227595837587
1856,18.56,2.1464751417794035,6.572546050466887
1857,18.57,1.9637213883839348,6.658213319005561
1858,18.580000000000002,1.9596164989158855,6.785568383391541
1859,18.59,1.9826408252164125,6.59891657704764
1860,18.6,1.8482778848089236,6.911289132599517
1861,18.61,1.8889478555107988,6.701138781775754
1862,18.62,1.9156934384811612,6.96556286305198
1863,18.63,2.035123155507768,6.921311882358174
1864,18.64,1.8258126355945699,6.857093829932997
1865,18.650000000000002,1.8797897043312561,6.9380600235283785
1866,18.66,1.7459427681105806,7.192009485274977
1867,18.67,1.7788457946598741,7.137476662991735
1868,18.68,1.9424543096433817,6.717092161787875
1869,18.69,1.9099551434636906,6.783948734309641
1870,18.7,2.0544675288045857,6.704844270536713
1871,18.71,1.887261289154619,6.796973410355117
1872,18.72,1.920718265936721,6.473263961225298
1873,18.73,1.8965521918984196,7.076788685764146
1874,18.740000000000002,2.1485335914604864,6.766406852478486
1875,18.75,1.8656064504735888,6.813948180303701
1876,18.76,1.7895753310622247,6.880186674298296
1877,18.77,1.8653040554714566,7.142188469450992
1878,18.78,1.9738621027492966,7.01063468055099
1879,18.79,2.0399590296949173,6.77666859348379
1880,18.8,1.8624513153441955,6.7968569815055835
1881,18.81,1.6924589638169163,6.995333502373598
1882,18.82,1.7841643436603694,7.061853193107846
1883,18.830000000000002,1.6041575728489919,7.279632811404706
1884,18.84,1.913140931216909,6.963899156389985
1885,18.85,1.9793709364438885,7.0574852563549655
1886,18.86,1.7628411512384226,7.037595608871033
1887,18.87,1.8922830491189462,7.069202818569091
1888,18.88,2.011237063435043,7.068455845952247
1889,18.89,1.7601752704302132,7.016444114356505
1890,18.900000000000002,1.8934798156645842,6.923208119121298
1891,18.91,1.8858587078334865,6.968731489629461
1892,18.92,1.822960117993786,6.92947742148139
1893,18.93,1.926569153014175,7.09028433014688
1894,18.94,1.787498120513334,7.2393855797798405
1895,18.95,1.7776798441230315,7.105936547255626
1896,18.96,1.7843329881999945,6.686066862188767
1897,18.97,1.7941164084335235,7.333596310464059
1898,18.98,1.7512812057485054,7.162563891566234
1899,18.990000000000002,1.6905921568123923,7.09327046242945
1900,19.0,1.7323948808024823,7.00586874478975
1901,19.01,1.8963619471008166,7.124278215648383
1902,19.02,1.6762065082800826,6.956558477095825
1903,19.03,1.7033734029080072,6.960305944495589
1904,19.04,1.6945839189160559,7.425897158076268
1905,19.05,1.7775920386294195,7.048248043394401
1906,19.06,1.66290125095905,7.302193086213271
1907,19.07,1.5265872801835236,7.0665921551414765
1908,19.080000000000002,1.7247850982640662,7.190499327118041
1909,19.09,1.742366395806267,7.404946913207626
1910,19.1,1.6527126203312756,7.018334308558214
1911,19.11,1.7025379200514166,7.0797604082659245
1912,19.12,1.787956774369628,7.053020004033743
1913,19.13,1.7681613194884807,7.266955102623703
1914,19.14,1.5597531575246986,7.335649370008423
1915,19.150000000000002,1.7828824675371926,6.956928254027093
1916,19.16,1.6477127687565927,7.051137824311112
1917,19.17,1.640950839905657,7.223425661383665
1918,19.18,1.6094735501339172,7.447571665457562
1919,19.19,1.5639515111784132,7.209580375527504
1920,19.2,1.692992598897334,7.385721175260145
1921,19.21,1.6937185763531524,7.105829357754424
1922,19.22,1.6720069474428039,7.197846928553101
1923,19.23,1.6060995135274858,7.4058129051397925
1924,19.240000000000002,1.62927023603701,7.197115617498832
1925,19.25,1.6604447284566755,7.254823548957147
1926,19.26,1.4983099990138697,7.378249931340654
1927,19.27,1.5480867154687046,7.298419696718594
1928,19.28,1.474551710873714,7.446194950537842
1929,19.29,1.645280875146373,7.176771287892391
1930,19.3,1.7075080894439734,7.441069225580522
1931,19.31,1.5592065849043253,7.296510225018435
1932,19.32,1.51562393222049,7.479654546856775
1933,19.330000000000002,1.607957105154231,7.432522874924005
1934,19.34,1.5711875089288463,7.615880786117379
1935,19.35,1.452753157611156,7.091579126849613
1936,19.36,1.5065372918205817,7.219630593252766
1937,19.37,1.4794038691963116,7.333668038001272
1938,19.38,1.3486233338728333,7.184470841384881
1939,19.39,1.5532910878272272,7.456907063812823
1940,19.400000000000002,1.5129906011924046,7.276826474523249
1941,19.41,1.3760310270011205,7.281114582120946
1942,19.42,1.5588450575987358,7.29186374863269
1943,19.43,1.6231250681990332,7.288598081705434
1944,19.44,1.5738562106824214,7.29285601917313
1945,19.45,1.4670692184461835,7.173247068066506
1946,19.46,1.4644709718867386,7.549536509671775
1947,19.47,1.2798322249973437,7.359583126882343
1948,19.48,1.3761664856108262,7.287882933268846
1949,19.490000000000002,1.413396142942599,7.230102822036106
1950,19.5,1.389817907358309,7.5395231052949985
1951,19.51,1.3127795267792122,7.358771824158133
1952,19.52,1.3608853177406555,7.210767754404541
1953,19.53,1.4334760887892595,7.526630093581791
1954,19.54,1.45621323856307,7.579639104112032
1955,19.55,1.4647188676540661,7.531481463189426
1956,19.56,1.3464998121721738,7.726707842758478
1957,19.57,1.4752732531178543,7.340341166312305
1958,19.580000000000002,1.2923880394875429,7.5399431929929746
1959,19.59,1.3424403324257952,7.538801008135996
1960,19.6,1.4440262938907138,7.26266491927696
1961,19.61,1.360993670625812,7.387364352020547
1962,19.62,1.3163302920688624,7.412484541446404
1963,19.63,1.5359558012763905,7.12310612302284
1964,19.64,1.5292943883330197,7.096269613736314
1965,19.650000000000002,1.3337215290519049,7.360866474879339
1966,19.66,1.3453531874742275,7.431029748655644
1967,19.67,1.3969048175229077,7.614823157553937
1968,19.68,1.4539965819707705,7.581387311708494
1969,19.69,1.274194568476976,7.530318736447731
1970,19.7,1.3058017983454797,7.1843590255399565
1971,19.71,1.3591698651235717,7.579694439532348
1972,19.72,1.3308685902500692,7.291997335014678
1973,19.73,1.3272636306920103,7.426409333886969
1974,19.740000000000002,1.2481800835227022,7.2641591486136825
1975,19.75,1.3099342279741022,7.3444503113880115
1976,19.76,1.1815484276139538,7.116707417911041
1977,19.77,1.245347900406254,7.106629096535852
1978,19.78,1.240289278152158,7.413245407090163
1979,19.79,1.0710620385017393,7.734289322856696
1980,19.8,1.2777997026211203,7.459005938544816
1981,19.81,1.218800803946402,7.38733622078693
1982,19.82,1.3276385235325607,7.277694274784619
1983,19.830000000000002,1.2974382970171532,7.3257233242960185
1984,19.84,1.326244472385938,7.315345208404502
1985,19.85,1.215743482952499,7.646096877203037
1986,19.86,1.054093281730075,6.923604059198516
1987,19.87,1.2978524274676568,7.472060704055714
1988,19.88,1.2040952060043075,7.397233233515162
1989,19.89,1.2069368045042064,7.42722952340707
1990,19.900000000000002,1.1883982444185308,7.312433781428486
1991,19.91,1.1249048760451745,7.416798510865712
1992,19.92,1.2633284372262228,7.227309529695192
1993,19.93,1.1478160617433288,7.6472888299736725
1994,19.94,1.0695093962949063,7.855307455391225
1995,19.95,1.1239596982509292,7.295592772904354
1996,19.96,1.2331339782371422,7.242799090810701
1997,19.97,1.1704317460157434,7.181105068716213
1998,19.98,1.117762711122937,7.35867609273239
1999,19.990000000000002,1.1265580700965476,7.065090635280712
2000,20.0,0.947649496963848,7.384911987348134
2001,20.01,1.0892083180343701,7.460533078363791
2002,20.02,1.1481013866499268,7.4326824013594885
2003,20.03,1.0581911199550904,7.402654028727777
2004,20.04,0.9411873736509488,7.4299561748075025
2005,20.05,1.1047378383491757,7.3640270399393595
2006,20.06,1.0186308303463114,7.340545071682392
2007,20.07,1.0395889988839224,7.359968824172657
2008,20.080000000000002,1.063637292137079,7.09408667388975
2009,20.09,0.9886154962301646,7.523321352885712
2010,20.1,1.2096435581485547,7.471205990473574
2011,20.11,1.0600946442904335,7.370301305639672
2012,20.12,1.021841516814764,7.095744517458426
2013,20.13,0.9597539543930123,7.169796031426341
2014,20.14,1.0130742981376986,7.3296401379717615
2015,20.150000000000002,1.1321605293590982,7.7321519651225845
2016,20.16,0.9282118145164914,7.040221515553623
2017,20.17,1.138309711380709,7.355642610966008
2018,20.18,1.077648892069875,7.266402069514965
2019,20.19,1.0596753099011194,6.8998945786476344
2020,20.2,0.9681832432716113,7.174536401114617
2021,20.21,0.9714699058034995,7.248924205864711
2022,20.22,1.0265781876093019,7.202341897228011
2023,20.23,0.9533265245428704,7.288396494055689
2024,20.240000000000002,0.7185551212994181,7.536040419402042
2025,20.25,1.096661182216331,7.309245131843825
2026,20.26,0.8566695388350873,7.527248253595603
2027,20.27,0.8009913052728005,7.313067362668497
2028,20.28,1.0347051951895165,6.985508093892291
2029,20.29,0.9941589846260076,7.335283228723641
2030,20.3,0.956708063097716,6.895169661410735
2031,20.31,0.9372373101935135,7.345848474024341
2032,20.32,1.035879285596942,7.247503014620322
2033,20.330000000000002,0.8457914892959315,7.345749587216785
2034,20.34,1.0519912760001473,7.145982765504895
2035,20.35,1.110106937500681,7.30863289433482
2036,20.36,0.8626748721225088,7.408118054917516
2037,20.37,0.9060554806019854,7.5893686478056015
2038,20.38,0.8559795355604091,7.2441617393233555
2039,20.39,0.8997948642816801,7.522891944281594
2040,20.400000000000002,0.8544899257722531,7.066904273515425
2041,20.41,0.92611319074935,7.574270516604651
2042,20.42,0.7055375932736134,7.3217923327551775
2043,20.43,0.7981838428483747,7.162730762629949
2044,20.44,0.8293087310954674,7.179058380538081
2045,20.45,0.8759740151443811,6.847035046381077
2046,20.46,0.8027606462735625,7.383759951173277
2047,20.47,0.7519576553002034,7.298902068884726
2048,20.48,0.8290900358634494,7.000983768240352
2049,20.490000000000002,0.8643433260921377,7.443676062847403
2050,20.5,0.8062224097887383,7.0125821606850725
2051,20.51,0.9304739374968739,7.146396484307082
2052,20.52,0.9130957513335163,7.152748110633784
2053,20.53,0.8534777719301003,7.181410407473861
2054,20.54,0.7614477453455135,7.164085263312697
2055,20.55,0.8218933889531633,7.402702222941826
2056,20.56,0.9011796284052753,7.272624893456358
2057,20.57,0.7489111531373608,7.002545276197773
2058,20.580000000000002,0.685914143009862,6.771683785378865
2059,20.59,0.6576374607268185,7.078693707364389
2060,20.6,0.8698827067557034,6.898808284974033
2061,20.61,0.7460181847853935,7.173005548629159
2062,20.62,0.8164115949938845,7.312149315021616
2063,20.63,0.6882425590228567,7.189226507206899
2064,20.64,0.7217271908578694,7.2521033280227964
2065,20.650000000000002,0.659915452018306,7.012499052142806
2066,20.66,0.6805304613743448,7.442458410114159
2067,20.67,0.5904879929368385,7.05106141224869
2068,20.68,0.7290733593395263,6.906095636088899
2069,20.69,0.8201798174056961,7.036838106206435
2070,20.7,0.7166580589363696,6.950186917685099
2071,20.71,0.6911708153854675,6.998020681736948
2072,20.72,0.8451216285016125,6.9684554804365195
2073,20.73,0.4769739516532344,7.1932778281762815
2074,20.740000000000002,0.7166053795917844,6.986010197667418
2075,20.75,0.5674184250248633,7.19678164650108
2076,20.76,0.590717992011424,7.240349381031988
2077,20.77,0.4655522688955449,7.128469779920986
2078,20.78,0.652045751601711,6.935607255693195
2079,20.79,0.59524807330107,7.143288249429368
2080,20.8,0.596900693100382,6.6165301266179215
2081,20.81,0.6837986890501349,6.916834240906983
2082,20.82,0.5709816960133798,6.913914657912266
2083,20.830000000000002,0.6011496841833961,6.748241698306929
2084,20.84,0.7275147032678695,6.931828658118505
2085,20.85,0.6635650128714615,6.770413110481185
2086,20.86,0.4062107441564441,6.990070026599315
2087,20.87,0.6196129428396461,7.017495317744153
2088,20.88,0.5879136990699945,6.780475504566017
2089,20.89,0.5057579176278245,6.777797237750326
2090,20.900000000000002,0.6466237965103241,6.85144814207655
2091,20.91,0.5426032710770062,6.593382465152791
2092,20.92,0.5738747373561349,6.961412527425769
2093,20.93,0.7154376339513048,6.66748815617841
2094,20.94,0.6227253936498915,6.694887189892697
2095,20.95,0.6042859110019693,6.956523372530466
2096,20.96,0.5118828295813673,6.9989012243786695
2097,20.97,0.3818471558978612,6.761870472850603
2098,20.98,0.4742132821700781,6.738005809843606
2099,20.990000000000002,0.5400601673802762,6.913008669186741
2100,21.0,0.5619454196289566,6.5168117717020655
2101,21.01,0.5496703344833448,6.517063156223292
2102,21.02,0.5163422751571083,7.011584058240004
2103,21.03,0.44101024683445866,6.854991295448082
2104,21.04,0.3940701844414614,6.847091297832315
2105,21.05,0.4699040695580892,6.66940908656592
2106,21.06,0.5083353485384929,6.542945508429883
2107,21.07,0.5333513646439085,6.7977604890688195
2108,21.080000000000002,0.4598271149483411,6.654347510037509
2109,21.09,0.5886496844172502,6.277471467593734
2110,21.1,0.4688272180676254,6.641846224312695
2111,21.11,0.4402649716693059,6.526014595001904
2112,21.12,0.36088895862427556,6.614684851119699
2113,21.13,0.5093920339206005,6.387435935759379
2114,21.14,0.524141334786933,6.6748719851670035
2115,21.150000000000002,0.2575263399969354,6.488301692474667
2116,21.16,0.3436800463663491,6.595089076775523
2117,21.17,0.2192683028891563,6.338051655405361
2118,21.18,0.33226759020700664,6.823803545377613
2119,21.19,0.38972950915202065,6.560729491208888
2120,21.2,0.5528348677197694,6.411969436010417
2121,21.21,0.4796123481819705,6.5479611717141015
2122,21.22,0.3728682354709884,6.372848529007235
2123,21.23,0.3608209790016777,6.45811172496986
2124,21.240000000000002,0.44494450510266836,6.284414135005264
2125,21.25,0.483148040548463,6.360343674921252
2126,21.26,0.39732922876135873,6.396404959703888
2127,21.27,0.2816850513506312,6.466754022551831
2128,21.28,0.4455477633833232,6.0120360810290085
2129,21.29,0.2945019339046653,6.362451437230266
2130,21.3,0.5440712990993013,6.157184661375604
2131,21.31,0.3532623894684148,6.356158167265935
2132,21.32,0.3661965412837491,6.40466125254499
2133,21.330000000000002,0.4130305376739257,6.149895940264315
2134,21.34,0.27566672271617176,6.328127982415701
2135,21.35,0.35606879926109525,6.656647574353508
2136,21.36,0.3024411754719108,6.00269829123644
2137,21.37,0.4620286283208666,6.305883089745561
2138,21.38,0.3863667145362606,6.361786301441871
2139,21.39,0.3890009409194207,6.564276290901975
2140,21.400000000000002,0.3325547917570393,6.460658958965841
2141,21.41,0.07914236583901407,6.29771406063974
2142,21.42,0.3241837595014815,6.302928863895499
2143,21.43,0.19882224263377873,6.214540380250479
2144,21.44,0.467187636916088,6.2162602048890285
2145,21.45,0.4030038916324233,6.17591864393832
2146,21.46,0.27583245304707465,6.155247885002174
2147,21.47,0.4285711379703601,6.226481758007469
2148,21.48,0.44261121607121146,6.287475793181515
2149,21.490000000000002,0.43104700742159313,5.903742129936377
2150,21.5,0.3036909675509116,6.346911624292905
2151,21.51,0.4385318486808507,5.996771397871209
2152,21.52,0.3353664916057809,6.103826387142116
2153,21.53,0.42085563410184806,6.1011074902086815
2154,21.54,0.39247579294998036,5.772819224132534
2155,21.55,0.4060055733764527,6.1597918538878496
2156,21.56,0.23849430329355453,5.677675869432232
2157,21.57,0.21588465287513667,5.95752867547505
2158,21.580000000000002,0.26762109463663303,6.058317059913077
2159,21.59,0.4728254984661118,6.323320685877629
2160,21.6,0.12523476538073583,5.927179386503045
2161,21.61,0.33525173751755805,5.967077238789011
2162,21.62,0.2915367662377515,5.863110024156306
2163,21.63,0.13129546085238913,5.872752247539211
2164,21.64,0.2998981564587036,5.637383610646759
2165,21.650000000000002,0.25655758444272825,6.036313817057654
2166,21.66,0.25704743195361945,5.584450785471284
2167,21.67,0.2763320190411857,6.0784098778288564
2168,21.68,0.2929311259976569,6.042461796061778
2169,21.69,0.22798968416471527,5.548920865558095
2170,21.7,0.28724091376454064,5.949905623967525
2171,21.71,0.08854742060753337,5.74175296397717
2172,21.72,0.27319412633890094,5.63902397970732
2173,21.73,0.4309949487631202,5.796623054909134
2174,21.740000000000002,0.20827119893210663,5.51881835218953
2175,21.75,0.09183794800134748,5.902239923158279
2176,21.76,0.23335261633633717,5.594265476742493
2177,21.77,0.343204211245048,5.712038542676888
2178,21.78,0.22460348965878668,5.869666991955065
2179,21.79,0.2381388707251774,5.637909359582668
2180,21.8,0.3037262460495561,5.738895695293972
2181,21.81,0.34117518369856725,5.748129479947171
2182,21.82,0.2779645053823147,5.9043730945484505
2183,21.830000000000002,0.10719017967357733,5.844184970940108
2184,21.84,0.199800786960168,5.695235566236626
2185,21.85,0.17444377127547797,5.517903061845616
2186,21.86,0.14966987863725856,5.460744317910565
2187,21.87,0.24516845081999478,5.778960103957483
2188,21.88,0.16837722653561457,5.138072384897543
2189,21.89,0.12173534920640959,5.606311264550937
2190,21.900000000000002,0.251964434279028,5.670239092555027
2191,21.91,0.15869505881227025,5.720078907087174
2192,21.92,0.2332453311310635,5.411220708544388
2193,21.93,0.06515993091256317,5.258843618779493
2194,21.94,0.2351114606309673,5.176496706818184
2195,21.95,0.22229874728811602,5.2916307008447365
2196,21.96,0.14304332638530287,5.470523623599717
2197,21.97,0.37894380755478907,5.485640938083388
2198,21.98,0.26079529057667294,5.289796938477995
2199,21.990000000000002,0.06638086662318787,5.331623296116896
2200,22.0,0.27889951330389917,5.52153468576413
2201,22.01,0.42983936210340873,5.350717751811914
2202,22.02,0.23870787558058454,5.019495906984603
2203,22.03,0.1805287783778955,5.22375036630535
2204,22.04,0.3946510135800978,5.582927510264624
2205,22.05,0.23496829983470427,5.229643472621177
2206,22.06,0.21996758808006367,5.149532075093065
2207,22.07,0.23321322797106106,5.322374902448731
2208,22.080000000000002,0.35681482305656453,5.247958043310282
2209,22.09,0.334125878281318,5.160335522820772
2210,22.1,0.1887410819688823,5.385117492691458
2211,22.11,0.2232564617968015,5.349286363953134
2212,22.12,0.06920726438883018,5.151656111691144
2213,22.13,0.09138572840036067,5.600688644827549
2214,22.14,0.30070646540914003,5.218382491398515
2215,22.150000000000002,0.18905011189778986,5.430751195579247
2216,22.16,0.195537693944377,5.263850937874383
2217,22.17,0.13141208249891928,5.510042039010766
2218,22.18,0.27469012212515337,5.129560100383574
2219,22.19,0.16488160054677362,5.045089178954107
2220,22.2,0.21161595993321292,5.231525089486086
2221,22.21,0.1399987905895905,5.331820063198264
2222,22.22,0.0938005269073488,5.158404136170089
2223,22.23,0.15329678384013729,5.035660830852805
2224,22.240000000000002,0.24169565760179718,5.151982252873026
2225,22.25,0.07919576154618757,5.231332579676915
2226,22.26,0.2729853541992261,4.954800616146418
2227,22.27,0.2026266858864268,5.251614170251297
2228,22.28,0.20036202455580876,5.431473883655132
2229,22.29,0.23495900243823858,4.98067544413237
2230,22.3,0.21692048715596315,5.090038124120647
2231,22.31,0.11344310204645675,5.177027138669155
2232,22.32,0.06614011147409313,5.498045698885736
2233,22.330000000000002,0.1130259491536857,5.142246566323392
2234,22.34,0.201674668260694,4.812824602164323
2235,22.35,0.1985069755651383,5.0427567269745674
2236,22.36,0.13166135449143873,5.137241675044187
2237,22.37,0.12053934964782759,5.037659891842465
2238,22.38,0.18863233004254784,5.115914833849446
2239,22.39,0.07453796636013416,5.355694431025629
2240,22.400000000000002,0.14485649912699,4.801646173729491
2241,22.41,0.08478205005719643,5.0034260823787635
2242,22.42,0.2636350723215035,4.872567084253336
2243,22.43,-0.09506789738124061,4.7975044343026525
2244,22.44,0.005243782717555684,4.425804689748826
2245,22.45,0.2189954232677009,4.8804054459610695
2246,22.46,0.08249886035566702,4.935106865807316
2247,22.47,0.2351857518877493,4.658347526976612
2248,22.48,0.19283769895409356,4.883460621346464
2249,22.490000000000002,0.3412242138164714,4.813895642272598
2250,22.5,0.15942168333000917,4.55721619810842
2251,22.51,0.2012054220923467,4.768278357936511
2252,22.52,0.1647738232712847,5.236765694208507
2253,22.53,0.12284854865870029,4.716569729127687
2254,22.54,-0.03385695620670423,4.923128639356122
2255,22.55,0.11804791679248183,4.853299238202402
2256,22.56,0.07760305605588311,4.884978317526999
2257,22.57,0.3623858744891489,4.5006873954107425
2258,22.580000000000002,0.08947877420813147,5.082966563442829
2259,22.59,0.14960617639908175,4.560510359382016
2260,22.6,0.048137774342080414,4.519089558927431
2261,22.61,0.01418434541192315,4.787405887726352
2262,22.62,0.1641674009045495,4.927579175752747
2263,22.63,0.1968295281649646,4.63876817761008
2264,22.64,0.06612361947333552,4.675648125963464
2265,22.650000000000002,0.1277521366695455,4.416601929924575
2266,22.66,0.08542041686343715,4.823392162397132
2267,22.67,0.07793510805058355,4.4735484186395515
2268,22.68,0.17537976994321974,4.645651767882289
2269,22.69,0.19031456444217174,4.575130428866027
2270,22.7,0.15899816001398903,4.795016428040058
2271,22.71,-0.039224283059987264,4.512547949130918
2272,22.72,0.10029888668914808,4.577418502016239
2273,22.73,0.028128461335392235,4.932114288830461
2274,22.740000000000002,0.19607857453349148,4.45672060895446
2275,22.75,0.12529970642079338,4.816470748305102
2276,22.76,0.2095239306134266,4.376569576137362
2277,22.77,0.14709705625216477,4.317373528801819
2278,22.78,0.153572734937571,4.4671481343016115
2279,22.79,0.1719102866564989,4.493020300377392
2280,22.8,0.2175973730231746,4.51830303114321
2281,22.81,0.09687715871219665,4.468700637872058
2282,22.82,0.1915582504266191,4.682462035048788
2283,22.830000000000002,0.07717003834345444,4.396214333809703
2284,22.84,0.043699949554040815,4.435978820990283
2285,22.85,0.1565815128838451,4.382509705695986
2286,22.86,0.17016980146200975,4.670861430080448
2287,22.87,0.17513979945627256,4.7703162061309765
2288,22.88,0.057906594771564374,4.407536563671738
2289,22.89,0.07916682025716489,4.480274896668633
2290,22.900000000000002,0.2937095627677555,4.233001577628951
2291,22.91,0.055248753267735456,4.603433912897284
2292,22.92,0.03437736000432384,4.174506700856792
2293,22.93,0.1747842916608913,4.663434994739932
2294,22.94,0.20996400236385743,4.775485051897481
2295,22.95,0.18617884546623178,4.016183954519267
2296,22.96,0.03274974366987038,4.702513996327023
2297,22.97,0.10814009627489937,4.6908182570470585
2298,22.98,0.08236217456845356,4.422404664362951
2299,22.990000000000002,0.08630367927292745,4.219087117015854
2300,23.0,0.12375180266537836,4.388262863642626
2301,23.01,0.13819932738821636,4.31654809695608
2302,23.02,0.0963336091242868,4.569086666467544
2303,23.03,0.19821649516380896,4.362407132544255
2304,23.04,0.05901602817637877,4.273612889660942
2305,23.05,0.15437095088301267,4.099057758765281
2306,23.06,0.14813931542651743,4.482399998290715
2307,23.07,0.16340165041879437,4.010164810936248
2308,23.080000000000002,0.10941733278305028,4.709715077986106
2309,23.09,0.2639085799508011,4.30450164468422
2310,23.1,0.1602772870764288,4.5810545580692565
2311,23.11,0.1298781848791442,4.626696735927158
2312,23.12,0.15656733920999055,4.087474097398999
2313,23.13,0.006733868161652307,4.234716096452845
2314,23.14,0.13345419984842913,3.760197401569837
2315,23.150000000000002,0.17232600937881887,4.242018228418033
2316,23.16,0.15699222584137923,4.302515427899486
2317,23.17,0.18697345033798454,4.118776658031146
2318,23.18,0.17054985956568158,4.398357114330301
2319,23.19,0.10757535203575774,4.217957298187921
2320,23.2,0.33575515031000136,3.9404495885748836
2321,23.21,0.05412995314055524,4.141117929749775
2322,23.22,0.3123077825258498,4.268490694993939
2323,23.23,0.1236547475011348,4.181810851246144
2324,23.240000000000002,0.16231577939133104,4.111811321045929
2325,23.25,0.07320476872739867,4.092121742763039
2326,23.26,0.11325877051146277,3.9551714175390766
2327,23.27,0.18469842277853524,3.7571824407341916
2328,23.28,0.16936909466767033,3.8223586059190264
2329,23.29,0.1327926376229084,4.38771533436391
2330,23.3,0.31906477024172036,4.0547016967087695
2331,23.31,0.19231485717273542,4.041084240313243
2332,23.32,0.32971418692906385,3.988692045361105
2333,23.330000000000002,0.17651249600798802,4.037319535968699
2334,23.34,0.22303656227000918,4.420715058218786
2335,23.35,0.21119144691046626,4.17165534455797
2336,23.36,-0.027785911764356408,3.8498600544081274
2337,23.37,0.16635147056646085,4.3499587604014565
2338,23.38,0.10542362006599043,4.12657585493619
2339,23.39,0.15088668774110178,4.2058242313784335
2340,23.400000000000002,0.04494994711668182,3.999001819098218
2341,23.41,0.3228744528246962,4.161355822369107
2342,23.42,0.1228557522915722,4.204121926527693
2343,23.43,0.1629129650071555,4.201550355758494
2344,23.44,0.19311734349011303,4.013073133372023
2345,23.45,0.26867050895200767,3.853157327336678
2346,23.46,0.08228758309572812,4.107585630388096
2347,23.47,0.06927644984431638,4.222123644285835
2348,23.48,0.22187504635878486,4.147254075296163
2349,23.490000000000002,-0.046207136451616726,4.337961229240917
2350,23.5,0.06359749078569185,3.980539762867813
2351,23.51,0.1158885549374436,3.8555502716060226
2352,23.52,0.19374248457232646,3.9353253956393903
2353,23.53,0.11175499215204197,3.910215380543838
2354,23.54,0.32106031448610334,3.6076515221108107
2355,23.55,0.22284102125490135,3.8464046743605143
2356,23.56,0.14367031229507682,4.212310741915934
2357,23.57,0.289693909421775,3.755867330013199
2358,23.580000000000002,0.2433127824413186,3.6773068813096343
2359,23.59,0.2609251216683428,4.046056499821885
2360,23.6,0.16075429605870717,3.9895620033613923
2361,23.61,0.014491312740481016,4.107232612711209
2362,23.62,0.20399265926548282,3.8135657918938684
2363,23.63,0.11910072797775928,4.159679540293782
2364,23.64,0.29323834672691,3.9581632153037543
2365,23.650000000000002,0.11446093733900199,3.957194811241588
2366,23.66,0.08157231653791897,3.6725152249532207
2367,23.67,0.2391036616893756,4.136690215687636
2368,23.68,0.2640723524504949,4.046255097379534
2369,23.69,0.23065898978268468,3.6923473805956446
2370,23.7,0.24148899117694786,3.7766479650687845
2371,23.71,0.24196643158958128,3.7504123722124323
2372,23.72,0.24877273000158806,3.7069770409740013
2373,23.73,0.10582981071270324,4.169403150684494
2374,23.740000000000002,0.21293543471667914,3.8096556425308803
2375,23.75,0.1756997305423788,3.970274390282309
2376,23.76,0.13423797293318399,4.030768452282215
2377,23.77,0.06434241601912527,3.586600470554034
2378,23.78,0.17112998312797922,4.159169241226558
2379,23.79,0.23103994677348122,3.6956981058737512
2380,23.8,0.22035052324957183,4.1321556716706445
2381,23.81,0.1825328396765142,3.764603906094763
2382,23.82,0.14102034455005244,3.8881027383542612
2383,23.830000000000002,0.1306749084837257,3.6878575328484304
2384,23.84,-0.007797841661456861,3.7080552647052385
2385,23.85,0.20201201049793518,3.6046903482422157
2386,23.86,0.20175305447821806,3.9668538712410837
2387,23.87,0.1869123847097003,4.04736972097965
2388,23.88,0.3867054884588246,3.713619898431328
2389,23.89,0.21315671219085075,3.8623914972622844
2390,23.900000000000002,0.25277573650634516,3.8830614688113396
2391,23.91,0.18596977365995576,3.9926399212333905
2392,23.92,0.1842537988039783,3.928019590253197
2393,23.93,0.09601358032507074,4.224448574995966
2394,23.94,0.3629367702737023,3.579542125075326
2395,23.95,0.2917214958719796,3.9745545420680672
2396,23.96,0.3273490835965148,3.84563963199536
2397,23.97,0.4054102798148727,3.849838984603617
2398,23.98,0.33669903345586216,3.5713455337750686
2399,23.990000000000002,0.30159465684459846,3.580019665232162
2400,24.0,0.2603983279216277,3.753189330660178
2401,24.01,0.1777384852228079,4.013476994080884
2402,24.02,0.1451552035180043,3.5619907182058697
2403,24.03,0.1622146418218876,3.5915897216476433
2404,24.04,0.2935333486110657,3.518645918290568
2405,24.05,0.3683538793626469,3.795921631818829
2406,24.060000000000002,0.17374089178222105,3.8619416854104665
2407,24.07,0.3975321624827012,4.215335374207321
2408,24.080000000000002,0.3369775377055819,4.002145696373182
2409,24.09,0.35605804308781747,3.718188066290944
2410,24.1,0.16392498076726147,3.873164154170011
2411,24.11,0.25609559384621766,3.5015147493848064
2412,24.12,0.15656990474055218,3.5599162308554044
2413,24.13,0.16860121024036742,3.478534149083091
2414,24.14,0.2767821951095546,3.6494412113907964
2415,24.150000000000002,0.3251240504426579,3.5913367522504047
2416,24.16,0.17039162962656818,3.9584894402406863
2417,24.17,0.22504004223473106,3.455334232491229
2418,24.18,0.3996185657517999,3.531500207123947
2419,24.19,0.1432203091871933,3.5205247200502585
2420,24.2,0.3411541560339595,3.3752001869605626
2421,24.21,0.2613153091731724,3.850211325526429
2422,24.22,0.10035109568907738,3.726091355722519
2423,24.23,0.14247872357896174,3.958390302229767
2424,24.240000000000002,0.30216379823101275,3.56204704380614
2425,24.25,0.10605092268429459,3.2510889778667442
2426,24.26,0.3421050161932374,3.946523981574432
2427,24.27,0.2048341566207723,3.4675303343739285
2428,24.28,0.2597197859667076,3.8043156681374564
2429,24.29,0.26011960143444657,3.429445903899868
2430,24.3,0.3353001671020569,3.756892452092222
2431,24.310000000000002,0.28607951483221555,3.70525394603512
2432,24.32,0.29054681899780005,3.8757074481444893
2433,24.330000000000002,0.3544038263068726,3.6390389135675365
2434,24.34,0.30043114947680255,4.196519440490517
2435,24.35,0.3835755589184115,3.7459737178500925
2436,24.36,0.2614740990653327,3.3553781040314012
2437,24.37,0.29852074781029725,3.55698165826734
2438,24.38,0.2024856938202254,3.521403363283101
2439,24.39,0.4493742164622605,3.375955117309341
2440,24.400000000000002,0.28920021613147234,3.828546597044874
2441,24.41,0.3567648777668358,3.5071015507841703
2442,24.42,0.2844902777031036,3.59271137841426
2443,24.43,0.18718188633502494,3.6650202694095992
2444,24.44,0.36023912473127884,3.437355420077491
2445,24.45,0.4025963988770822,3.3817753880531822
2446,24.46,0.3926692207542545,3.3721083769346025
2447,24.47,0.2835053787940942,3.4310061231880717
2448,24.48,0.43176297381902,3.4372318688030936
2449,24.490000000000002,0.44209900610102787,3.259373233522102
2450,24.5,0.27594617804499316,3.449939714874093
2451,24.51,0.09773876152141192,3.637860982000594
2452,24.52,0.41759815936139005,3.6120560970064948
2453,24.53,0.41342167089267795,3.7480925139232113
2454,24.54,0.24083448875882535,3.7758757585037475
2455,24.55,0.4236951925934137,3.5510373264688506
2456,24.560000000000002,0.34725375334491965,3.978120439692634
2457,24.57,0.44793670089191384,3.766341466783369
2458,24.580000000000002,0.3570958553464993,3.5709991050674947
2459,24.59,0.3117616136763026,3.402105178918712
2460,24.6,0.356211437545663,3.648470801426494
2461,24.61,0.4852399344071292,3.4651416409672664
2462,24.62,0.20661923800154386,3.903323092690418
2463,24.63,0.523654113419058,3.289141547492563
2464,24.64,0.33329565489626967,3.788212907905924
2465,24.650000000000002,0.4621395791802136,3.9021972017320503
2466,24.66,0.3553987958921533,3.7972973910789922
2467,24.67,0.4783161000303585,3.7217153890297214
2468,24.68,0.47126063473352064,3.6428244801606424
2469,24.69,0.30168059705034456,3.6512206506515814
2470,24.7,0.45778115508189704,3.552995758795871
2471,24.71,0.6071171945202836,3.581737865810476
2472,24.72,0.3690398186189846,3.7043949879631786
2473,24.73,0.44045182773088903,3.426964371798373
2474,24.740000000000002,0.49659524242935194,3.7658711783210626
2475,24.75,0.43662919068166967,3.764593271579837
2476,24.76,0.45700180724587247,3.6598905325640003
2477,24.77,0.22415036325738266,3.353618676752511
2478,24.78,0.4103352705225769,3.867186412934226
2479,24.79,0.3893969072963387,3.454136356852643
2480,24.8,0.28393537293395205,3.5492783309408216
2481,24.810000000000002,0.6449846138238157,3.587416671073892
2482,24.82,0.43932210865533095,3.576030835509302
2483,24.830000000000002,0.4658085381491612,3.4987412829600504
2484,24.84,0.5660425755114348,3.2885276473775686
2485,24.85,0.5495760590994306,3.5903014109357985
2486,24.86,0.558826928788076,3.5405111988240963
2487,24.87,0.5170762264105634,3.4850494721932845
2488,24.88,0.4404397345568565,3.720517024344199
2489,24.89,0.4591956733202623,3.759288483764017
2490,24.900000000000002,0.42224678458173304,3.4572153839666697
2491,24.91,0.5352492709870258,3.7414014742860093
2492,24.92,0.5791488723683818,3.754133837506889
2493,24.93,0.4031635898302752,3.658069619297027
2494,24.94,0.4700787373994067,3.7320815826332607
2495,24.95,0.5766478465297092,3.4648468598007773
2496,24.96,0.6081871820639615,3.838998146036772
2497,24.97,0.5527674621480144,3.7268186234912415
2498,24.98,0.5609925206978532,3.4627156837199147
2499,24.990000000000002,0.6925710272087067,3.478326352118416
2500,25.0,0.5798810539963876,3.4019228346367694
2501,25.01,0.7800654286071671,3.365207779284252
2502,25.02,0.6308094380274547,3.5238229526013605
2503,25.03,0.49529780895234876,3.535379104502277
2504,25.04,0.5254305079469719,3.744586633963545
2505,25.05,0.4948682854993654,4.044383528746792
2506,25.060000000000002,0.6860567194261054,3.9450506988663148
2507,25.07,0.5009414836817749,3.325698376287768
2508,25.080000000000002,0.6719670908623554,3.7497516278858374
2509,25.09,0.7005148254868376,3.8482442473029597
2510,25.1,0.5314075836067056,3.94324534943221
2511,25.11,0.6630903163694971,3.587993171265996
2512,25.12,0.4747061534510564,3.4676833306287698
2513,25.13,0.5335772291709184,3.7443196586702876
2514,25.14,0.45629631039484697,3.633029185293593
2515,25.150000000000002,0.6171030158432684,3.864503704442831
2516,25.16,0.6057701520487496,3.6006604328330365
2517,25.17,0.7997366469640406,3.6396266453448125
2518,25.18,0.6252177227085141,4.06558190099002
2519,25.19,0.55613980825923,3.9172494922742267
2520,25.2,0.6035868844618971,3.906609689511233
2521,25.21,0.6303645489636264,3.5752128016523494
2522,25.22,0.80638652205801,3.774431623247496
2523,25.23,0.7053394379743502,3.828565138738371
2524,25.240000000000002,0.7471653120002778,3.807802886932606
2525,25.25,0.8137961841414375,3.5060430414155435
2526,25.26,0.7666659042489643,3.636940437472261
2527,25.27,0.7897680519562578,3.3532502755727345
2528,25.28,0.7753036594972296,3.9272404230628415
2529,25.29,0.9459891253399922,3.8972212468253185
2530,25.3,0.8194162850944174,4.005856683753871
2531,25.310000000000002,0.9840350483092736,3.7943680532350053
2532,25.32,0.7703303735242534,3.828932556554364
2533,25.330000000000002,0.8185349532055205,3.9003701914742654
2534,25.34,0.8268998551081654,3.533546183235361
2535,25.35,0.9263243030875747,3.7446682161981
2536,25.36,0.8789949900461957,3.6733635781673954
2537,25.37,0.7148353308469725,3.834254942932217
2538,25.38,0.7450713198645793,4.0513534307968975
2539,25.39,0.8690825293982092,4.293230260677216
2540,25.400000000000002,0.9382206610458942,3.8784632705257347
2541,25.41,0.826794219319583,4.225656428737875
2542,25.42,0.871810948469213,3.9644667605004016
2543,25.43,0.9590487367316889,3.8742197826930065
2544,25.44,0.9896319860087772,3.6362989488316937
2545,25.45,0.8321757650671371,3.5517973875127775
2546,25.46,1.0863760445849975,3.58780592250527
2547,25.47,1.0081032430033385,3.6274086302579285
2548,25.48,0.9834247915341466,3.903922955937949
2549,25.490000000000002,0.8844794887692858,3.9525461434890126
2550,25.5,0.9949347224037931,3.7540423228509265
2551,25.51,0.9560849320985628,4.03458160716482
2552,25.52,0.936426701075432,3.9337208409224673
2553,25.53,0.9658090698365228,4.190347290258897
2554,25.54,0.8872751994394252,4.042412226415404
2555,25.55,0.9880083658999838,4.167035519712688
2556,25.560000000000002,1.0243448519674074,3.837970204346458
2557,25.57,1.0858909485374182,3.9888903892771315
2558,25.580000000000002,1.210553656669032,3.8466353874757475
2559,25.59,1.0675928096427416,3.8193435794824326
2560,25.6,1.0420298730068538,3.8678648521670502
2561,25.61,1.059066550682725,4.321403214011773
2562,25.62,1.1547993256310276,3.6685066246141784
2563,25.63,1.1515516067241198,4.21817586675732
2564,25.64,1.1901902145022056,3.946872768473072
2565,25.650000000000002,1.0893541383790206,4.270297466811925
2566,25.66,1.0837912300105261,4.152821712502868
2567,25.67,1.1318505997927908,4.238099475290895
2568,25.68,1.063130162438943,4.008633761286914
2569,25.69,1.169121308010905,4.4454259325789165
2570,25.7,1.2229487917395376,4.117856296027087
2571,25.71,1.1517252112235454,4.229002552859006
2572,25.72,1.0824093567971134,4.286563238205882
2573,25.73,1.2784184913596037,4.2501989262297535
2574,25.740000000000002,1.376444924354681,3.9889396824937866
2575,25.75,1.3178284583440234,4.3491750654558174
2576,25.76,1.278848384661447,4.0832829475374
2577,25.77,1.2608802367885223,4.290185478171198
2578,25.78,1.2657927151033679,3.9886987951893396
2579,25.79,1.2726936145114374,4.409010603493726
2580,25.8,1.2535152201979594,4.391054455015588
2581,25.810000000000002,1.148223067245507,3.9639735935270513
2582,25.82,1.3841377811775863,3.918544403016708
2583,25.830000000000002,1.4295082850131775,4.339293226833795
2584,25.84,1.3485445149582773,4.603563042246368
2585,25.85,1.4407423614308685,4.2961436752245445
2586,25.86,1.2154274172601205,4.4725041444872184
2587,25.87,1.446244821029581,3.9946919609841416
2588,25.88,1.373335129944704,4.4038328851055955
2589,25.89,1.5512515091094055,4.3011077203848185
2590,25.900000000000002,1.407548449282101,4.442336825954014
2591,25.91,1.3563503731978437,4.485116472951178
2592,25.92,1.4713364744544077,4.370601551827831
2593,25.93,1.3287159679840688,4.524877652776133
2594,25.94,1.5717399985205902,4.1532704739144375
2595,25.95,1.5130390501795568,4.523993474062015
2596,25.96,1.5272674853609463,4.296804726781617
2597,25.97,1.5701521787715649,4.600824498556664
2598,25.98,1.5223265483542707,4.360460954912131
2599,25.990000000000002,1.4568096458272297,4.3781856109321
2600,26.0,1.5393284351075984,4.35689391648477
2601,26.01,1.3394730733807352,4.524540735047941
2602,26.02,1.6699520031604356,4.631721589066356
2603,26.03,1.4393840275720775,4.342663534198736
2604,26.04,1.675316940510302,4.508357419258979
2605,26.05,1.6588532127049023,4.261645657902868
2606,26.060000000000002,1.6261421898752162,4.602909908836568
2607,26.07,1.7135669238520221,4.667284310356875
2608,26.080000000000002,1.5944705880180667,4.977657389842203
2609,26.09,1.6963789621607002,4.548291980797774
2610,26.1,1.5925068878780213,4.503187824925502
2611,26.11,1.5817708877810344,4.834251889203334
2612,26.12,1.5980399583557554,4.547841115326461
2613,26.13,1.6794878762104186,4.614696145273697
2614,26.14,1.8385234735211309,4.785685109396058
2615,26.150000000000002,1.7692943002919463,4.80102701816184
2616,26.16,1.616496465838589,4.747991283550307
2617,26.17,1.6464170268739136,4.601477937725328
2618,26.18,1.8108221704826453,4.603973915751563
2619,26.19,1.827931962522258,4.628264067424376
2620,26.2,1.6176123484277365,4.6068294105518905
2621,26.21,1.8559650287322396,4.817787575706111
2622,26.22,1.7403464472153698,5.002483134891796
2623,26.23,1.7766181086077844,4.670627180264447
2624,26.240000000000002,1.6139251306364502,4.419596085317775
2625,26.25,1.6125052674614397,4.5450937094890005
2626,26.26,1.848639860379415,4.480814328407434
2627,26.27,1.81327072669137,4.8476570449842304
2628,26.28,1.7081975494090063,5.077336247926687
2629,26.29,1.8309582444155768,4.840616720366276
2630,26.3,2.0055602481660872,4.738183005773694
2631,26.310000000000002,1.878881546366467,4.802996311224836
2632,26.32,1.8679889929579743,4.705998827903787
2633,26.330000000000002,1.8000222676006492,5.210628897478213
2634,26.34,1.9847294311019865,4.940442023391251
2635,26.35,1.79661125773823,4.4905868532573
2636,26.36,1.5511418697881671,5.148832187864582
2637,26.37,1.872890295546249,4.795339931501966
2638,26.38,1.962769877028626,4.5133035597445454
2639,26.39,1.8920566828887215,4.5000741961190664
2640,26.400000000000002,2.005179470654985,4.954825815353562
2641,26.41,1.8016253736857715,5.180823379033242
2642,26.42,1.917365281563656,4.6841359176365085
2643,26.43,1.9055177531780656,5.122221058836568
2644,26.44,1.9636598663209273,4.85870558584215
2645,26.45,1.8966629766941367,4.809458425238257
2646,26.46,1.875880246278434,4.712595395740089
2647,26.47,1.8747899039691887,5.0073608528809945
2648,26.48,1.8806130520586493,5.194667851582646
2649,26.490000000000002,2.063211876664342,4.954206105538007
2650,26.5,1.9365164783178317,4.906916882154647
2651,26.51,2.075729266404159,4.764308402018499
2652,26.52,1.93780457556951,5.231840116052625
2653,26.53,2.0333951273826396,5.2054232206350655
2654,26.54,2.0135838117470968,5.053019340277974
2655,26.55,1.942894798665309,5.135041871379824
2656,26.560000000000002,1.8671228517402407,5.485606499172508
2657,26.57,2.0336150656419236,5.097438984797609
2658,26.580000000000002,1.9815197419971118,5.13840340755913
2659,26.59,1.8417190425823584,5.171882737457081
2660,26.6,1.965607422823172,5.48991436450206
2661,26.61,2.0199001194911586,5.182279147107597
2662,26.62,1.9741571475180872,5.231657692999557
2663,26.63,2.165723304446534,5.610729427213654
2664,26.64,1.963736857709206,5.035251803460978
2665,26.650000000000002,2.0483411430816685,5.444414476583607
2666,26.66,1.998392295220752,5.7480819803431995
2667,26.67,2.0236331188561634,5.47045007016237
2668,26.68,1.928480232446689,5.354255754631566
2669,26.69,2.075843357836773,5.319764567078074
2670,26.7,2.1401252553999486,5.312655030207689
2671,26.71,1.9981774250263786,5.5989581859445545
2672,26.72,2.098077769733681,5.451718210280166
2673,26.73,2.0332152872402047,5.469313933384086
2674,26.740000000000002,2.2703804731450936,5.369865461183827
2675,26.75,2.0633920438114797,5.539389962915598
2676,26.76,2.059283259518345,5.826805972270998
2677,26.77,2.012054169014281,5.62217295652626
2678,26.78,2.0298196201370073,5.5670589933225685
2679,26.79,1.9789707621157575,5.762496062444937
2680,26.8,2.0898560156682624,5.488382754795275
2681,26.810000000000002,2.1470090130076467,5.752419826382008
2682,26.82,2.0764822667170604,5.7314050608064395
2683,26.830000000000002,2.106032705068623,5.598722998142936
2684,26.84,2.0343111387727117,5.47457446481439
2685,26.85,1.9572697600554525,5.947456524665179
2686,26.86,2.123229578233967,5.760177159815704
2687,26.87,2.127693654690104,5.80441022048368
2688,26.88,2.043550002438275,5.696452958446633
2689,26.89,1.9824286990381088,5.608597901673604
2690,26.900000000000002,2.1012666888599876,5.9032682674915655
2691,26.91,2.081863973713629,5.647354083889108
2692,26.92,2.010677066164612,5.906793128047564
2693,26.93,2.2781627286628336,5.5308870891195605
2694,26.94,2.1832138749645162,6.040491158663871
2695,26.95,2.035626270474491,5.580839496057132
2696,26.96,2.0591295855291327,5.768286136232468
2697,26.97,2.024735039029689,5.9555041233148165
2698,26.98,2.038172075761504,5.7646771499458875
2699,26.990000000000002,2.0307436332943753,5.770243436328706
2700,27.0,2.1547306693904344,5.9121736147490545
2701,27.01,2.0359099357087618,6.006210081826664
2702,27.02,2.0442717988308043,5.854093870480119
2703,27.03,2.0527263093755352,5.964479069790658
2704,27.04,2.2617235263358206,5.750196343389782
2705,27.05,2.1487731588645653,5.587174514061463
2706,27.060000000000002,2.0249352728273404,6.067223311636804
2707,27.07,2.091723655944635,6.186357758879113
2708,27.080000000000002,2.1287916879071864,6.335120315390868
2709,27.09,2.22212591014971,5.900779306209434
2710,27.1,2.0411449763296554,6.04066357522162
2711,27.11,2.0082930849928653,5.967438006434226
2712,27.12,2.027810278067665,5.6639238249969415
2713,27.13,1.9522396051775797,6.066096894769579
2714,27.14,2.159867767215819,5.731010728371733
2715,27.150000000000002,2.169266953163383,5.573754941545289
2716,27.16,2.190712406495498,6.126512350098625
2717,27.17,2.131985797974175,5.935003858498967
2718,27.18,2.0551197795114997,5.730665821529262
2719,27.19,2.110393926871023,5.955290111893525
2720,27.2,2.1895038849554096,6.395030352182423
2721,27.21,2.205631732145399,6.304307142790883
2722,27.22,2.0086679327806434,6.265833062143055
2723,27.23,2.150078557844104,5.8873841402452864
2724,27.240000000000002,2.1779525210937223,6.447136621626784
2725,27.25,2.2863159063125646,6.432457772106812
2726,27.26,2.087038108367374,6.276645526888959
2727,27.27,2.172583710618377,6.034662926663261
2728,27.28,2.0150594439548657,6.304475404166126
2729,27.29,2.109308507763417,6.1910833526391995
2730,27.3,2.1136503049190316,6.065887546992533
2731,27.310000000000002,2.099349512337568,6.296227572575145
2732,27.32,2.0005631211727475,6.389309954123212
2733,27.330000000000002,2.0268690729817043,6.086832155283456
2734,27.34,1.9553160030578298,5.950527966011736
2735,27.35,1.9409925326772777,6.532005238573261
2736,27.36,2.2159418412894247,6.013110052030492
2737,27.37,2.1070087368925354,6.463808597353009
2738,27.38,1.9939866101762527,6.185338882401302
2739,27.39,2.0631443905089544,6.374751591861297
2740,27.400000000000002,2.103726891381865,6.276608784780302
2741,27.41,1.9716857030631492,6.757193491478436
2742,27.42,1.8860722323726877,6.1574118257231865
2743,27.43,2.1418113478587317,6.306405131480669
2744,27.44,2.089775321309549,6.599941399208618
2745,27.45,2.0874736299155128,6.471322740121106
2746,27.46,2.09490050133644,6.679465256375223
2747,27.47,2.0602463250454095,6.518286119078744
2748,27.48,2.012379017123996,6.441065519010041
2749,27.490000000000002,2.0679306130300033,6.655401340019438
2750,27.5,2.0641367364505587,6.489503291228564
2751,27.51,1.9960261038500986,6.210583170792288
2752,27.52,2.102041926514446,6.563362793410359
2753,27.53,1.8923712477821886,6.373621535959209
2754,27.54,2.125993392488135,6.576073945002244
2755,27.55,2.029249366777757,6.583291365379611
2756,27.560000000000002,2.0710626546133235,6.469935330181922
2757,27.57,1.9984982312786819,6.789010033823999
2758,27.580000000000002,1.8998563006147486,6.704512075349302
2759,27.59,1.9008990430024975,6.695394985457991
2760,27.6,1.9924136409499842,6.075203567475119
2761,27.61,2.002428401387027,6.6856806430854645
2762,27.62,2.034208247113612,7.10645801738956
2763,27.63,1.761594112226071,6.620344586199951
2764,27.64,2.028164654482355,6.449513849016089
2765,27.650000000000002,1.8817197234237084,6.7295767622410185
2766,27.66,1.9096233392974193,6.5466679541543975
2767,27.67,1.891732525223081,6.458995204050399
2768,27.68,1.9449920226110948,6.608610150305814
2769,27.69,1.9472597640013325,6.848250506591678
2770,27.7,1.7864551251967606,6.6893175720757885
2771,27.71,1.9614983752043793,6.425453723427277
2772,27.72,1.8860357836872539,6.713765718677129
2773,27.73,1.9035369905977442,6.495718494291124
2774,27.740000000000002,1.7779246767507875,6.487223518118862
2775,27.75,1.7606167177254186,6.930929985496206
2776,27.76,2.0526636255751654,6.841707274625586
2777,27.77,1.9092056219211815,6.983811848616734
2778,27.78,2.0570546656099937,7.024399538021368
2779,27.79,1.9200708549328256,6.696494563760454
2780,27.8,1.8806897749500078,6.9618746089559265
2781,27.810000000000002,1.9333280857151147,6.770426812801084
2782,27.82,1.8619262180537426,6.505383701421677
2783,27.830000000000002,1.8589252272075754,6.952037606297582
2784,27.84,1.879798964039869,7.144351901844688
2785,27.85,1.8536404133265354,7.041190138638875
2786,27.86,1.899055169534137,6.727035046115144
2787,27.87,1.8950355185921988,6.893042002681049
2788,27.88,1.8322066695827817,7.06734471756074
2789,27.89,1.776692212914451,6.9286055941860765
2790,27.900000000000002,1.9777064361940029,6.901770316573997
2791,27.91,1.8455358085826328,6.860971853664931
2792,27.92,1.776445639863766,7.061312786005172
2793,27.93,1.9663149687807,6.929903173422508
2794,27.94,1.8641434392541791,6.846230891059236
2795,27.95,1.7912610748166367,7.087456906192576
2796,27.96,2.0192909923207187,6.807443083680803
2797,27.97,1.9665975307526435,6.8710642184274064
2798,27.98,1.785027489462548,7.004465712046194
2799,27.990000000000002,1.756377459159781,6.71588271770231
2800,28.0,1.9050305362248399,7.174850568224627
2801,28.01,1.8403201569842653,7.116467815729547
2802,28.02,2.0154119823930916,6.717305104354523
2803,28.03,1.6997638618902866,6.827218872156201
2804,28.04,1.9353281568072864,7.05569263740924
2805,28.05,1.741182977752978,6.738789245767367
2806,28.060000000000002,1.8690557172569593,7.157000830782569
2807,28.07,1.7771311363405644,7.165864211445355
2808,28.080000000000002,1.6962336179673982,6.994512268993735
2809,28.09,1.789894877729289,6.890649699143169
2810,28.1,1.823998117123757,7.193238500356694
2811,28.11,1.834400944245389,7.538064988721531
2812,28.12,1.7255720008339372,7.241297858468561
2813,28.13,1.689859469767909,7.016210130213336
2814,28.14,1.8408875151583193,7.266301845443537
2815,28.150000000000002,1.6622242661498705,7.132060222389753
2816,28.16,1.784134267208181,7.122446992373863
2817,28.17,1.7183257404018055,7.348680812547956
2818,28.18,1.8147227386696756,7.193239327678341
2819,28.19,1.5302938263350694,7.002551785202217
2820,28.2,1.7912750660276637,7.194092380892025
2821,28.21,1.7818919666772657,7.2727018932911065
2822,28.22,1.6373793132461778,6.975745754923357
2823,28.23,1.7185861573914107,7.228017589355549
2824,28.240000000000002,1.7127440608704583,7.0258335684847655
2825,28.25,1.6122301236631027,6.880499653219412
2826,28.26,1.6871422434052237,7.525553403497293
2827,28.27,1.5885517019920892,7.153378451094558
2828,28.28,1.6623596315399525,7.245832746273374
2829,28.29,1.6272344216882582,6.95719119917352
2830,28.3,1.5899396350720052,7.236343312124883
2831,28.310000000000002,1.5592400704507816,6.990366992717622
2832,28.32,1.5754316963596735,7.219887265964714
2833,28.330000000000002,1.6049994749404213,6.83229434020808
2834,28.34,1.6617201085271311,7.6359614953832216
2835,28.35,1.5219962719800975,7.408792062210771
2836,28.36,1.4865884007003234,7.1782056759382575
2837,28.37,1.575649106121465,7.300503475174869
2838,28.38,1.6917595506059295,7.294077883845778
2839,28.39,1.5561368112246063,7.727253433474695
2840,28.400000000000002,1.5360205003898315,7.212025678640318
2841,28.41,1.6343846523679713,7.36482621782702
2842,28.42,1.6707113152052617,7.47431376132374
2843,28.43,1.5330433045398761,7.603090862665992
2844,28.44,1.6457735660802393,6.7159862524543
2845,28.45,1.3968324385672344,7.3493470640573975
2846,28.46,1.5755048171864074,6.9856367197680855
2847,28.47,1.4048036270187165,7.182445175631253
2848,28.48,1.5815141618165929,7.056815971121749
2849,28.490000000000002,1.6698406698691977,7.365382226615492
2850,28.5,1.394596778402723,7.5318178299319305
2851,28.51,1.5249841673015647,6.8657356341840226
2852,28.52,1.6711211949208344,7.202166547286705
2853,28.53,1.4749904324005794,7.4086490890815275
2854,28.54,1.5244999972804019,7.465468187838406
2855,28.55,1.4734594140627801,7.4415508742812975
2856,28.560000000000002,1.4716422921065537,7.210038780441247
2857,28.57,1.5721338826290678,7.4386366371190675
2858,28.580000000000002,1.4644830123001948,7.309014473863356
2859,28.59,1.3958434294350615,7.6624075636037325
2860,28.6,1.4413632463564048,7.240486641472585
2861,28.61,1.4404699269499672,7.281238471808775
2862,28.62,1.5524303233777716,7.616346576489928
2863,28.63,1.5165457837803984,7.545140778989134
2864,28.64,1.453704419409926,7.264449823623633
2865,28.650000000000002,1.5022572578722444,7.188822488646541
2866,28.66,1.3896619190204738,7.328980718337841
2867,28.67,1.3649197085197267,6.826485256719375
2868,28.68,1.3317862013549402,7.398974495989493
2869,28.69,1.3392113797292355,7.334930094385588
2870,28.7,1.4991084444592064,7.354610949065622
2871,28.71,1.3554425163500001,7.132324832683073
2872,28.72,1.5220576141630247,7.260391112671234
2873,28.73,1.2151543857372378,7.743785036280744
2874,28.740000000000002,1.4435713939928896,7.429334784522393
2875,28.75,1.478171124448813,7.425139216577176
2876,28.76,1.313306676334411,7.429383763923246
2877,28.77,1.358217267260687,6.988123479041272
2878,28.78,1.3536904066688629,7.605579150046338
2879,28.79,1.42487803300082,7.3187844507828554
2880,28.8,1.4180958198667404,7.237732666694158
2881,28.810000000000002,1.287330972066781,7.368582278861904
2882,28.82,1.3021225037631765,7.112594539951515
2883,28.830000000000002,1.2316408769095042,7.327272948326663
2884,28.84,1.3211468840959897,7.50725522076002
2885,28.85,1.2422434245335174,7.317417957152676
2886,28.86,1.2506054711289207,7.3148009583975
2887,28.87,1.26059985382074,7.260234063527185
2888,28.88,1.1251134168936296,7.420597567579465
2889,28.89,1.363464664445259,7.246575665934928
2890,28.900000000000002,1.351302713784873,7.540517761367047
2891,28.91,1.2625437542682953,7.593772964114006
2892,28.92,1.0542140366129638,7.2731166523079125
2893,28.93,1.332407078691501,7.04918752463329
2894,28.94,1.216109430609933,7.317546450853135
2895,28.95,1.1736957193642767,7.306952791246494
2896,28.96,1.0090644863726284,7.370985190940176
2897,28.97,1.2318618695073797,7.6529142631801825
2898,28.98,1.213811769870606,7.313311656826651
2899,28.990000000000002,1.0888993534490397,7.007108101649177
2900,29.0,1.243390903254643,7.315676143114613
2901,29.01,1.1467830015402416,7.758954387195145
2902,29.02,1.2887168400882811,7.566249913044566
2903,29.03,1.1620211860832066,7.3672287410210595
2904,29.04,1.2113573049385336,7.806989203679902
2905,29.05,1.0810146120765214,7.300625170697814
2906,29.060000000000002,1.1922375300402122,7.196257305320624
2907,29.07,1.1291402943366953,7.17306792374298
2908,29.080000000000002,1.0134792305846403,7.289746395423647
2909,29.09,1.1930076349068541,7.511761285467666
2910,29.1,0.9468057316132115,7.251021972584902
2911,29.11,1.0323813722297064,7.617311598014313
2912,29.12,1.0210720672664106,7.350071713192717
2913,29.13,1.1702663239611077,7.346353851647887
2914,29.14,1.0888699333858087,7.602077509248879
2915,29.150000000000002,1.0533156160582506,7.7719944679384065
2916,29.16,1.1163318107849396,7.694421408943864
2917,29.17,1.0168332302102197,7.495859061147316
2918,29.18,1.0352227123685411,7.454151900442168
2919,29.19,1.049255106673967,7.5313770937080395
2920,29.2,1.1350406913459747,7.249435588864602
2921,29.21,1.1425829166950938,7.544172262096006
2922,29.22,1.094316521918237,7.567592189503878
2923,29.23,1.1645704164974113,7.386322490048197
2924,29.240000000000002,0.8485568428762515,7.416471387761848
2925,29.25,1.069610862443685,7.025313092806139
2926,29.26,1.180333637836032,7.208550246892827
2927,29.27,0.8847220585299139,7.624971652455728
2928,29.28,0.9127454245034142,7.20713360676598
2929,29.29,0.8476670854897919,6.943925269445209
2930,29.3,0.9387207836239788,7.1535171420874635
2931,29.310000000000002,0.9699694387116113,7.348475834044291
2932,29.32,1.0583341579286083,7.395299148236225
2933,29.330000000000002,0.8842224979035299,7.501409878455475
2934,29.34,1.0616120813746144,7.331150775346825
2935,29.35,0.7860406832275433,7.749084298881748
2936,29.36,0.9301570800948427,7.267534637229453
2937,29.37,0.8598046391103635,7.188363818053161
2938,29.38,0.9516966947757655,7.320342950490053
2939,29.39,0.9091613597669097,7.163890446490098
2940,29.400000000000002,0.9410766004119322,7.323245720675993
2941,29.41,0.8839963989215632,7.372551157747339
2942,29.42,0.9118977233437174,7.362997045408602
2943,29.43,0.8973352316341502,7.2511958202868145
2944,29.44,0.8289618863454736,7.326157195350984
2945,29.45,1.0221967961365,7.458090245641691
2946,29.46,0.8688088771587987,7.30872019456109
2947,29.47,0.9901004021267645,7.014695510347509
2948,29.48,0.8111446487631758,7.274331860067651
2949,29.490000000000002,0.9198749686677836,6.86282804147603
2950,29.5,0.8594490266211553,7.199690517920757
2951,29.51,0.9512329878777279,7.153862879025502
2952,29.52,0.9199720206778371,7.422114766061387
2953,29.53,0.762619401432983,7.237027063837833
2954,29.54,0.8992837053819313,7.025572913071357
2955,29.55,0.7304361615758743,7.203662271740339
2956,29.560000000000002,1.0048493971588484,7.503941834041057
2957,29.57,0.7117694349831123,7.145013313759303
2958,29.580000000000002,0.8057939832915637,6.720134106837182
2959,29.59,0.7589896625241304,7.361737732196861
2960,29.6,0.7903129579277887,7.127203741031439
2961,29.61,0.8728647086752952,6.647928168762448
2962,29.62,0.7113615906679774,6.907898230851941
2963,29.63,0.7293616031208955,7.626958541043856
2964,29.64,0.7694462551379979,7.0155581893145404
2965,29.650000000000002,0.6557728165095407,6.903271514849338
2966,29.66,0.6934568075090226,7.362761517598692
2967,29.67,0.7358926814872166,7.231036338005147
2968,29.68,0.9012147949900784,7.271885700995686
2969,29.69,0.8994373377133458,7.308445325542211
2970,29.7,0.739771627040657,6.724785436772061
2971,29.71,0.5490481676986366,6.799078112047367
2972,29.72,0.8388608834323807,7.163542837766076
2973,29.73,0.6606981890370942,7.240223221816463
2974,29.740000000000002,0.8208122388826844,7.0629363303419455
2975,29.75,0.8351157604635051,6.962829431237987
2976,29.76,0.63058596141559,7.235755153736297
2977,29.77,0.7265849505201523,7.08556985437839
2978,29.78,0.6317756793320022,6.854357245483245
2979,29.79,0.7412705494232159,6.94850486770547
2980,29.8,0.5749754242686903,7.390867413154516
2981,29.810000000000002,0.538575766563371,7.119278583802575
2982,29.82,0.7779207831929991,6.875765175093548
2983,29.830000000000002,0.5568456043103494,6.842759733458008
2984,29.84,0.5320682173651747,7.2256287504568455
2985,29.85,0.6751080213363645,6.952158397286619
2986,29.86,0.5521611661624624,6.79598126233165
2987,29.87,0.8223864388035186,6.729321495454197
2988,29.88,0.5419067498757915,6.857541194930103
2989,29.89,0.6083419439855651,6.907194709327753
2990,29.900000000000002,0.6642044093738355,6.718007197709942
2991,29.91,0.7460982311628995,6.6364078397344395
2992,29.92,0.6957189620518678,6.913346341869782
2993,29.93,0.5625727100670405,6.872785955920284
2994,29.94,0.47979798805306034,6.87361864304922
2995,29.95,0.5292163900893624,6.869773744637428
2996,29.96,0.5328885717908831,6.951132534311044
2997,29.97,0.5407802387887605,6.966553445087002
2998,29.98,0.5238899686141393,6.737551603373492
2999,29.990000000000002,0.5804024295446019,6.67090947483906
